18:09:32.491 [main] DEBUG com.xuggle.xuggler - Could not open output url: file:/D:/Users/Geovanni/SparkProgramming/CS5542-Tutorial2A-SourceCode/ImageAnnotation/Clarifai/input/food.mkv (../../../../../../../csrc/com/xuggle/xuggler/Container.cpp:436)
Feb 14, 2018 6:09:43 PM com.github.fommil.netlib.LAPACK <clinit>
WARNING: Failed to load implementation from: com.github.fommil.netlib.NativeSystemLAPACK
Feb 14, 2018 6:09:44 PM com.github.fommil.jni.JniLoader liberalLoad
INFO: successfully loaded C:\Users\GEOVAN~1.THE\AppData\Local\Temp\jniloader2080794787992556983netlib-native_ref-win-x86_64.dll
451.0
451.0
451.0
451.0
451.0
451.0
451.0
451.0
451.0
451.0
444.0
464.0
460.0
438.0
6.0
487.0
486.0
487.0
487.0
488.0
488.0
490.0
490.0
477.0
483.0
480.0
488.0
492.0
310.0
6.0
550.0
550.0
550.0
550.0
550.0
550.0
550.0
550.0
550.0
550.0
546.0
554.0
554.0
554.0
3.0
291.0
287.0
287.0
287.0
289.0
289.0
289.0
289.0
289.0
289.0
289.0
289.0
289.0
289.0
5.0
643.0
632.0
649.0
646.0
647.0
647.0
647.0
647.0
647.0
647.0
647.0
647.0
647.0
647.0
4.0
856.0
836.0
846.0
849.0
849.0
849.0
849.0
849.0
849.0
849.0
849.0
849.0
849.0
813.0
3.0
637.0
639.0
639.0
639.0
639.0
639.0
639.0
639.0
639.0
639.0
639.0
621.0
628.0
632.0
5.0
922.0
920.0
921.0
913.0
917.0
897.0
903.0
883.0
901.0
866.0
887.0
896.0
895.0
895.0
4.0
781.0
776.0
782.0
776.0
790.0
794.0
793.0
794.0
755.0
778.0
779.0
780.0
779.0
780.0
3.0
427.0
429.0
431.0
431.0
431.0
431.0
431.0
431.0
431.0
431.0
431.0
431.0
414.0
437.0
4.0
1112.0
1108.0
1094.0
1133.0
1137.0
1144.0
1145.0
1145.0
1143.0
1144.0
1145.0
1145.0
1143.0
1144.0
4.0
889.0
890.0
890.0
889.0
876.0
884.0
867.0
890.0
869.0
889.0
891.0
856.0
889.0
893.0
5.0
1260.0
1237.0
1246.0
1243.0
1270.0
1279.0
1281.0
1279.0
1235.0
1254.0
1257.0
1256.0
1257.0
1256.0
4.0
366.0
372.0
371.0
363.0
366.0
368.0
366.0
368.0
366.0
368.0
366.0
368.0
366.0
368.0
5.0
390.0
391.0
391.0
391.0
391.0
391.0
