1,0.24347825348377228 0.22173911333084106 0.156521737575531 0.17391303181648254 0.20434781908988953 
1,0.2037735879421234 0.22641509771347046 0.21509434282779694 0.18867924809455872 0.16603773832321167 
1,0.11214952915906906 0.4579439163208008 0.1355140209197998 0.13084112107753754 0.16355139017105103 
1,0.1508379876613617 0.1508379876613617 0.25139662623405457 0.15642458200454712 0.29050278663635254 
1,0.23949581384658813 0.2352941334247589 0.0882352963089943 0.2352941334247589 0.20168069005012512 
1,0.21348315477371216 0.26966291666030884 0.1910112351179123 0.21910113096237183 0.10674157738685608 
1,0.18965516984462738 0.2715517282485962 0.20689654350280762 0.08620689809322357 0.24568966031074524 
1,0.12544803321361542 0.2867383360862732 0.2795698940753937 0.16487455368041992 0.1433691680431366 
1,0.21893490850925446 0.2840236723423004 0.1834319531917572 0.1420118361711502 0.17159762978553772 
1,0.20108695328235626 0.364130437374115 0.125 0.1467391401529312 0.16304348409175873 
1,0.1746031790971756 0.3055555820465088 0.2063492238521576 0.1349206417798996 0.1785714328289032 
1,0.23333334922790527 0.2916666865348816 0.15833334624767303 0.19166667759418488 0.125 
1,0.12269937992095947 0.33742329478263855 0.16564416885375977 0.12269937992095947 0.25153374671936035 
1,0.10752688348293304 0.3978494703769684 0.2795698940753937 0.16129031777381897 0.05376344174146652 
1,0.16460904479026794 0.25925925374031067 0.25102880597114563 0.16049382090568542 0.16460904479026794 
1,0.1362007111310959 0.2795698940753937 0.20430107414722443 0.25089606642723083 0.12903225421905518 
1,0.16055044531822205 0.21559631824493408 0.2568807303905487 0.20183485746383667 0.16513760387897491 
1,0.13081395626068115 0.25 0.2732558250427246 0.20639534294605255 0.13953489065170288 
1,0.11688311398029327 0.4199134111404419 0.18614718317985535 0.12987013161182404 0.14718614518642426 
1,0.13813814520835876 0.3153153359889984 0.2012012004852295 0.12312312424182892 0.2222222238779068 
1,0.15415020287036896 0.16996048390865326 0.30434784293174744 0.21739131212234497 0.15415020287036896 
1,0.17204301059246063 0.5107526779174805 0.13978494703769684 0.09139785170555115 0.08602150529623032 
1,0.17480719089508057 0.30077120661735535 0.18766066431999207 0.18251928687095642 0.1542416512966156 
1,0.1221374049782753 0.4885496199131012 0.1221374049782753 0.06870228797197342 0.19847328960895538 
1,0.192592591047287 0.2518518567085266 0.192592591047287 0.14444443583488464 0.21851851046085358 
1,0.1833810955286026 0.28080230951309204 0.2779369652271271 0.18051576614379883 0.07736390084028244 
1,0.2641509473323822 0.3113207519054413 0.12264151126146317 0.18867924809455872 0.11320754885673523 
1,0.17182131111621857 0.2852233648300171 0.2646048069000244 0.12714776396751404 0.1512027531862259 
1,0.17538461089134216 0.2830769121646881 0.1876923143863678 0.190769225358963 0.16307692229747772 
1,0.15523464977741241 0.24548736214637756 0.29241877794265747 0.15884476900100708 0.14801444113254547 
1,0.14084507524967194 0.4178403913974762 0.17840376496315002 0.10798121988773346 0.15492957830429077 
1,0.13978494703769684 0.22580644488334656 0.10752688348293304 0.2150537669658661 0.31182795763015747 
1,0.16766467690467834 0.302395224571228 0.200598806142807 0.20359282195568085 0.12574851512908936 
1,0.19122256338596344 0.2852664589881897 0.18808777630329132 0.1410658210515976 0.19435736536979675 
1,0.20216606557369232 0.35379061102867126 0.20938627421855927 0.16606497764587402 0.06859205663204193 
1,0.16580310463905334 0.2590673565864563 0.32642486691474915 0.13989636301994324 0.10880828648805618 
1,0.09009009599685669 0.5135135054588318 0.12612612545490265 0.15315315127372742 0.11711712181568146 
1,0.1656050980091095 0.2229299396276474 0.3439490497112274 0.14012739062309265 0.12738853693008423 
1,0.12781955301761627 0.5037593841552734 0.12781955301761627 0.17293234169483185 0.06766917556524277 
1,0.2239382266998291 0.2277992218732834 0.21235521137714386 0.19691118597984314 0.13899613916873932 
1,0.1701388955116272 0.2673611044883728 0.2222222238779068 0.1145833358168602 0.2256944477558136 
1,0.1528925597667694 0.3223140239715576 0.25206610560417175 0.09504131972789764 0.17768594622612 
1,0.22461538016796112 0.23692308366298676 0.16923077404499054 0.2153846174478531 0.1538461595773697 
1,0.10071942955255508 0.24460431933403015 0.20863309502601624 0.028776979073882103 0.41726619005203247 
1,0.1484375 0.421875 0.1484375 0.2265625 0.0546875 
1,0.19999998807907104 0.3136363625526428 0.2181818187236786 0.18636363744735718 0.08181817829608917 
1,0.1806722730398178 0.3067227005958557 0.11764706671237946 0.21008405089378357 0.18487395346164703 
1,0.0878378376364708 0.3175675868988037 0.3074324429035187 0.09459459781646729 0.19256757199764252 
1,0.14414414763450623 0.2387387454509735 0.3153153359889984 0.11261261254549026 0.18918919563293457 
1,0.0937500074505806 0.3973214328289032 0.1785714328289032 0.1607142984867096 0.1696428656578064 
1,0.14035087823867798 0.3052631616592407 0.2280701845884323 0.15438596904277802 0.17192982137203217 
1,0.18483412265777588 0.21090048551559448 0.16824644804000854 0.19668246805667877 0.2393365055322647 
1,0.046783626079559326 0.3684210479259491 0.32163742184638977 0.09941520541906357 0.16374269127845764 
1,0.12169311940670013 0.32275131344795227 0.29629629850387573 0.15343914926052094 0.10582010447978973 
1,0.2182539850473404 0.313492089509964 0.1626984179019928 0.2341269999742508 0.0714285746216774 
1,0.16243654489517212 0.46192893385887146 0.12182740867137909 0.15736040472984314 0.0964467003941536 
1,0.1964285671710968 0.22959183156490326 0.20408162474632263 0.17091836035251617 0.19897958636283875 
1,0.13846154510974884 0.4256410300731659 0.1487179547548294 0.14358974993228912 0.14358974993228912 
1,0.16877636313438416 0.3375527262687683 0.1054852306842804 0.2236286848783493 0.16455695033073425 
1,0.12318840622901917 0.4637681245803833 0.18115942180156708 0.09420289844274521 0.13768115639686584 
1,0.20264315605163574 0.16740086674690247 0.14537444710731506 0.16740086674690247 0.3171806037425995 
1,0.0920245349407196 0.4969325065612793 0.1840490698814392 0.11656441539525986 0.11042944341897964 
1,0.202531635761261 0.3122362792491913 0.17299577593803406 0.16033753752708435 0.15189872682094574 
1,0.13278008997440338 0.3153527081012726 0.17427386343479156 0.1576763540506363 0.21991702914237976 
1,0.08383233845233917 0.2634730637073517 0.3353293538093567 0.06586826592683792 0.2514970302581787 
1,0.2331838607788086 0.27802690863609314 0.2331838607788086 0.16591928899288177 0.08968610316514969 
1,0.11560693383216858 0.39306357502937317 0.2543352544307709 0.09826589375734329 0.1387283205986023 
1,0.08387096971273422 0.40645161271095276 0.21612903475761414 0.10322580486536026 0.19032257795333862 
1,0.23770490288734436 0.2049180269241333 0.23770490288734436 0.2295081913471222 0.0901639312505722 
1,0.18320611119270325 0.4198473393917084 0.17938931286334991 0.1106870248913765 0.10687022656202316 
1,0.17488789558410645 0.40807175636291504 0.18834081292152405 0.1165919303894043 0.11210762709379196 
1,0.19767442345619202 0.302325576543808 0.19186046719551086 0.0872092992067337 0.22093023359775543 
1,0.1953125 0.13671875 0.2265625 0.234375 0.20703125 
1,0.15094339847564697 0.43396225571632385 0.22012577950954437 0.15094339847564697 0.044025156646966934 
1,0.18888889253139496 0.2222222238779068 0.2666666805744171 0.10000000149011612 0.2222222238779068 
1,0.170634925365448 0.2539682686328888 0.2460317611694336 0.15079365670681 0.1785714328289032 
1,0.19402985274791718 0.21641790866851807 0.2238805890083313 0.2189054638147354 0.14676617085933685 
1,0.1825396865606308 0.2936508059501648 0.261904776096344 0.1666666716337204 0.0952381044626236 
1,0.21153846383094788 0.39615383744239807 0.11153846234083176 0.11923076957464218 0.16153846681118011 
1,0.1921921968460083 0.14414414763450623 0.21621622145175934 0.14414414763450623 0.3033033013343811 
1,0.14361701905727386 0.37765955924987793 0.1489361673593521 0.1595744639635086 0.1702127605676651 
1,0.21164020895957947 0.3333333134651184 0.14814814925193787 0.13756613433361053 0.16931216418743134 
1,0.287323921918869 0.16619718074798584 0.18309858441352844 0.25070422887802124 0.11267605423927307 
1,0.1409691572189331 0.2511013150215149 0.2907488942146301 0.1629955917596817 0.15418501198291779 
1,0.1860465109348297 0.3720930218696594 0.22093023359775543 0.13953489065170288 0.08139535039663315 
1,0.17241379618644714 0.30651339888572693 0.2222222238779068 0.18390804529190063 0.1149425283074379 
1,0.15094339847564697 0.33018869161605835 0.14150944352149963 0.2075471729040146 0.16981132328510284 
1,0.15748031437397003 0.3123359680175781 0.24409449100494385 0.14435695111751556 0.14173227548599243 
1,0.125 0.2366071492433548 0.2589285969734192 0.2232142984867096 0.15625 
1,0.15355806052684784 0.26217228174209595 0.16853933036327362 0.1760299652814865 0.23970037698745728 
1,0.1859154850244522 0.290140837430954 0.1859154850244522 0.152112677693367 0.1859154850244522 
1,0.1428571343421936 0.3251231610774994 0.2660098373889923 0.16748768091201782 0.09852216392755508 
1,0.11602210253477097 0.28729283809661865 0.3093922734260559 0.12154696881771088 0.16574586927890778 
1,0.20080320537090302 0.2851405441761017 0.14859437942504883 0.21686746180057526 0.14859437942504883 
1,0.14035087823867798 0.4035087823867798 0.11403508484363556 0.1666666716337204 0.17543859779834747 
1,0.1530054658651352 0.32513660192489624 0.19672130048274994 0.2049180269241333 0.12021857500076294 
1,0.15737704932689667 0.32131147384643555 0.25901639461517334 0.16721311211585999 0.09508197009563446 
1,0.1860465109348297 0.19767442345619202 0.19379845261573792 0.25193798542022705 0.1705426275730133 
1,0.14173227548599243 0.34645670652389526 0.28346455097198486 0.06299212574958801 0.16535432636737823 
1,0.25229355692863464 0.34403666853904724 0.11009173840284348 0.0917431116104126 0.20183485746383667 
1,0.23780487477779388 0.24390242993831635 0.2621951103210449 0.17073169350624084 0.08536584675312042 
1,0.1428571343421936 0.29591837525367737 0.19387754797935486 0.19387754797935486 0.17346937954425812 
1,0.1437908560037613 0.27124184370040894 0.30718955397605896 0.15359477698802948 0.12418300658464432 
1,0.21561338007450104 0.3159851133823395 0.15241634845733643 0.18959107995033264 0.12639404833316803 
1,0.18727914988994598 0.17667844891548157 0.2862190902233124 0.13780918717384338 0.21201413869857788 
1,0.125 0.3854166865348816 0.1979166716337204 0.1614583432674408 0.1302083432674408 
1,0.18497109413146973 0.2745664715766907 0.24566473066806793 0.1994219571352005 0.09537571668624878 
1,0.18644067645072937 0.24152542650699615 0.1906779706478119 0.23728813230991364 0.14406779408454895 
1,0.19188192486763 0.22140221297740936 0.2619926333427429 0.19557195901870728 0.12915129959583282 
1,0.1322033852338791 0.4372881352901459 0.2101694941520691 0.13898305594921112 0.08135592937469482 
1,0.1731843501329422 0.35754188895225525 0.21229049563407898 0.18994413316249847 0.06703910231590271 
1,0.14942528307437897 0.37547892332077026 0.15325669944286346 0.16858236491680145 0.15325669944286346 
1,0.19014084339141846 0.48591548204421997 0.13380281627178192 0.09859155118465424 0.09154929220676422 
1,0.178217813372612 0.3861386179924011 0.1881188154220581 0.15841583907604218 0.089108906686306 
1,0.13750000298023224 0.34583336114883423 0.22083334624767303 0.17083334922790527 0.125 
1,0.23076923191547394 0.2410256415605545 0.12307693064212799 0.18974359333515167 0.2153846174478531 
1,0.2017543911933899 0.25438597798347473 0.21052631735801697 0.19005848467350006 0.14327485859394073 
1,0.12658226490020752 0.3459915518760681 0.23628690838813782 0.13502109050750732 0.15611813962459564 
1,0.1745283007621765 0.3537735939025879 0.16509434580802917 0.16981132328510284 0.13679245114326477 
1,0.11320754885673523 0.31698113679885864 0.21509434282779694 0.1471698135137558 0.2075471729040146 
1,0.15238095819950104 0.3301587402820587 0.19682539999485016 0.1746031790971756 0.14603175222873688 
1,0.2426900565624237 0.21637427806854248 0.16959065198898315 0.17836257815361023 0.19298246502876282 
1,0.19354838132858276 0.23502303659915924 0.26728111505508423 0.17050690948963165 0.13364055752754211 
1,0.13450291752815247 0.3742690086364746 0.20467835664749146 0.12865497171878815 0.15789473056793213 
1,0.1230769231915474 0.4923076927661896 0.04615384712815285 0.1230769231915474 0.2153846174478531 
