3,0.1805555522441864 0.3020833432674408 0.1493055522441864 0.2291666716337204 0.1388888955116272 
3,0.13709676265716553 0.39919352531433105 0.20967741310596466 0.14516128599643707 0.1088709682226181 
3,0.24879226088523865 0.21497584879398346 0.128019317984581 0.2753623127937317 0.13285024464130402 
3,0.18274110555648804 0.15736040472984314 0.2690355181694031 0.2131979614496231 0.17766496539115906 
3,0.16725978255271912 0.2846975028514862 0.29893237352371216 0.15658362209796906 0.09252668917179108 
3,0.2989690601825714 0.2835051417350769 0.13917525112628937 0.2319587618112564 0.04639175161719322 
3,0.2673611044883728 0.1875 0.1701388955116272 0.2118055522441864 0.1631944477558136 
3,0.1428571492433548 0.40692639350891113 0.15584415197372437 0.18614718317985535 0.10822510719299316 
3,0.17142857611179352 0.2809523940086365 0.15238095819950104 0.27142858505249023 0.12380953133106232 
3,0.14000000059604645 0.30800002813339233 0.1600000113248825 0.19200000166893005 0.20000000298023224 
3,0.10833334177732468 0.5083333849906921 0.11666667461395264 0.10833334177732468 0.15833334624767303 
3,0.22538860142230988 0.2046632021665573 0.15544040501117706 0.16839377582073212 0.24611398577690125 
3,0.23255813121795654 0.20572450757026672 0.1538461446762085 0.25044721364974976 0.1574239730834961 
3,0.18434342741966248 0.3333333432674408 0.19191919267177582 0.16414141654968262 0.1262626200914383 
3,0.3075506389141083 0.16758747398853302 0.1270718276500702 0.2559852600097656 0.1418047845363617 
3,0.21084336936473846 0.2560240924358368 0.15361444652080536 0.13855421543121338 0.24096384644508362 
3,0.13114753365516663 0.3442622721195221 0.24043715000152588 0.14754098653793335 0.13661201298236847 
3,0.18377089500427246 0.171837717294693 0.18377089500427246 0.23866349458694458 0.2219570428133011 
3,0.15450644493103027 0.4163089990615845 0.16309012472629547 0.1330472081899643 0.1330472081899643 
3,0.19662921130657196 0.3511236011981964 0.13483145833015442 0.13483145833015442 0.1825842708349228 
3,0.2611275911331177 0.3145400583744049 0.1483679562807083 0.14540059864521027 0.13056379556655884 
3,0.2541806101799011 0.1872909665107727 0.16722407937049866 0.284280925989151 0.10702341049909592 
3,0.21897810697555542 0.21897810697555542 0.18491484224796295 0.2700729966163635 0.10705596208572388 
3,0.17000000178813934 0.3649999797344208 0.08999999612569809 0.22499999403953552 0.14999999105930328 
3,0.17956656217575073 0.31578946113586426 0.1764705777168274 0.19504643976688385 0.13312692940235138 
3,0.2266666740179062 0.25333333015441895 0.2266666740179062 0.1644444465637207 0.12888889014720917 
3,0.19850187003612518 0.3408239781856537 0.11610487103462219 0.23220974206924438 0.11235955357551575 
3,0.20382165908813477 0.2802547812461853 0.08280254900455475 0.1719745248556137 0.2611464858055115 
3,0.24653738737106323 0.10249307006597519 0.21883656084537506 0.31855955719947815 0.11357340216636658 
3,0.2252747267484665 0.3351648449897766 0.17032967507839203 0.1538461595773697 0.11538461595773697 
3,0.18705035746097565 0.2841726541519165 0.1942446082830429 0.1258992850780487 0.20863309502601624 
3,0.1834532469511032 0.35971224308013916 0.16546763479709625 0.19784173369407654 0.09352517873048782 
3,0.2163461595773697 0.24519231915473938 0.18269231915473938 0.18269231915473938 0.17307692766189575 
3,0.16585366427898407 0.3658536672592163 0.15121951699256897 0.10731707513332367 0.20975609123706818 
3,0.19680850207805634 0.2739361524581909 0.20212765038013458 0.16223403811454773 0.16489361226558685 
3,0.14133332669734955 0.1119999960064888 0.2906666696071625 0.25333333015441895 0.20266667008399963 
3,0.2529914677143097 0.18803419172763824 0.1794871836900711 0.21196581423282623 0.1675213724374771 
3,0.20330969989299774 0.21276596188545227 0.2009456306695938 0.19621749222278595 0.18676123023033142 
3,0.20773932337760925 0.28309574723243713 0.12830957770347595 0.23217923939228058 0.14867617189884186 
3,0.24184782803058624 0.2445652186870575 0.13858695328235626 0.25 0.125 
3,0.34560906887054443 0.18980169296264648 0.13597732782363892 0.19546741247177124 0.13314446806907654 
3,0.2658959627151489 0.398843914270401 0.080924853682518 0.17341040074825287 0.080924853682518 
3,0.21904762089252472 0.3857142925262451 0.095238097012043 0.14761905372142792 0.15238095819950104 
3,0.2135678380727768 0.23618090152740479 0.1557788997888565 0.2487437129020691 0.14572864770889282 
3,0.2508772015571594 0.16140350699424744 0.2017543911933899 0.1824561506509781 0.20350877940654755 
3,0.2556634247303009 0.17475728690624237 0.15857605636119843 0.29449838399887085 0.11650485545396805 
3,0.2391304224729538 0.2391304224729538 0.1347825974225998 0.17391303181648254 0.2130434662103653 
3,0.23788544535636902 0.32158589363098145 0.1409691572189331 0.1629955917596817 0.13656386733055115 
3,0.15547703206539154 0.38869258761405945 0.13074204325675964 0.15194346010684967 0.1731448769569397 
3,0.12380953133106232 0.2809523940086365 0.22857144474983215 0.18095238506793976 0.18571428954601288 
4,0.22632794082164764 0.16628175973892212 0.13856813311576843 0.2124711275100708 0.2563510239124298 
4,0.1912928819656372 0.12928760051727295 0.19525066018104553 0.27176782488822937 0.21240106225013733 
4,0.21515150368213654 0.19090908765792847 0.1818181723356247 0.2969696819782257 0.11515150964260101 
4,0.14999999105930328 0.08043477684259415 0.21956521272659302 0.36086955666542053 0.18913042545318604 
4,0.19758063554763794 0.16129031777381897 0.1411290317773819 0.3145161271095276 0.1854838728904724 
4,0.2514851689338684 0.2752475440502167 0.13663366436958313 0.26336634159088135 0.07326732575893402 
4,0.1325301229953766 0.29518070816993713 0.16265060007572174 0.1987951695919037 0.21084336936473846 
4,0.1812865436077118 0.1520467847585678 0.28070175647735596 0.17543859779834747 0.21052631735801697 
4,0.1927083432674408 0.1588541716337204 0.1770833432674408 0.3385416865348816 0.1328125 
4,0.17464114725589752 0.23205740749835968 0.2153109908103943 0.2153109908103943 0.16267941892147064 
4,0.22150537371635437 0.24946236610412598 0.1225806474685669 0.2623656094074249 0.14408601820468903 
4,0.22044728696346283 0.2619808316230774 0.15015974640846252 0.21405750513076782 0.15335462987422943 
4,0.24660195410251617 0.2368932068347931 0.11456310749053955 0.26213592290878296 0.13980582356452942 
4,0.21176472306251526 0.14901961386203766 0.12156863510608673 0.2392157018184662 0.27843138575553894 
4,0.282196968793869 0.14772728085517883 0.1401515156030655 0.2140151560306549 0.21590909361839294 
4,0.26363635063171387 0.3113636374473572 0.14318181574344635 0.17954544723033905 0.10227272659540176 
4,0.20921985805034637 0.21453900635242462 0.13652481138706207 0.3067375719547272 0.13297872245311737 
4,0.190476194024086 0.3333333432674408 0.12044817954301834 0.21288515627384186 0.1428571492433548 
4,0.25816023349761963 0.15727002918720245 0.16913945972919464 0.35608309507369995 0.059347182512283325 
4,0.23940150439739227 0.14214465022087097 0.18952618539333344 0.29925188422203064 0.12967582046985626 
4,0.23999999463558197 0.16727273166179657 0.21454545855522156 0.24727272987365723 0.13090908527374268 
4,0.23925234377384186 0.19813084602355957 0.15514019131660461 0.28037384152412415 0.1271028071641922 
4,0.20432692766189575 0.1538461595773697 0.14663462340831757 0.3413461744785309 0.1538461595773697 
4,0.21515150368213654 0.23030301928520203 0.19696968793869019 0.2757575809955597 0.08181817829608917 
4,0.2393616884946823 0.30319148302078247 0.1249999925494194 0.21276594698429108 0.11968084424734116 
4,0.25217390060424805 0.17391303181648254 0.1608695536851883 0.24782606959342957 0.16521738469600677 
4,0.2301255166530609 0.15481171011924744 0.16108785569667816 0.27405858039855957 0.17991630733013153 
4,0.1927083432674408 0.2057291716337204 0.2317708432674408 0.2213541716337204 0.1484375 
4,0.16580310463905334 0.3834196925163269 0.16580310463905334 0.1606217622756958 0.12435232847929001 
4,0.21987950801849365 0.22289155423641205 0.14156626164913177 0.2499999850988388 0.16566264629364014 
4,0.14323607087135315 0.2785145938396454 0.18037134408950806 0.2519893944263458 0.14588859677314758 
4,0.14479638636112213 0.3891402781009674 0.22171947360038757 0.1538461595773697 0.09049773961305618 
4,0.33246752619743347 0.18961039185523987 0.1064935028553009 0.23896104097366333 0.13246752321720123 
4,0.27931034564971924 0.27931034564971924 0.1310344785451889 0.1827586144208908 0.12758620083332062 
4,0.34244945645332336 0.1307966709136963 0.10107015073299408 0.2936979830265045 0.13198572397232056 
4,0.22794117033481598 0.1764705926179886 0.1985294073820114 0.30882352590560913 0.0882352963089943 
4,0.18888889253139496 0.3333333432674408 0.12222222238779068 0.11666666716337204 0.23888888955116272 
4,0.24128687381744385 0.21715818345546722 0.1286863386631012 0.297587126493454 0.11528150737285614 
4,0.21800948679447174 0.18483412265777588 0.17298579216003418 0.29383885860443115 0.13033175468444824 
4,0.2586805522441864 0.1701388955116272 0.1753472238779068 0.2795138955116272 0.1163194477558136 
4,0.2628571391105652 0.14095237851142883 0.1961904764175415 0.19809523224830627 0.201904758810997 
4,0.2616541385650635 0.18646617233753204 0.20902255177497864 0.2120300829410553 0.13082706928253174 
4,0.16384181380271912 0.32203391194343567 0.18644067645072937 0.15536722540855408 0.17231638729572296 
4,0.15749526023864746 0.1840607225894928 0.19924098253250122 0.2884250581264496 0.17077799141407013 
4,0.16575591266155243 0.16211293637752533 0.1803278625011444 0.33515483140945435 0.1566484570503235 
4,0.2638036608695984 0.2126789391040802 0.12474437057971954 0.2638036608695984 0.1349693238735199 
4,0.20949719846248627 0.29608938097953796 0.11731842905282974 0.16480445861816406 0.21229049563407898 
4,0.15032680332660675 0.1568627506494522 0.16339869797229767 0.4117647111415863 0.11764705926179886 
4,0.1666666716337204 0.28205129504203796 0.16025641560554504 0.2532051205635071 0.1378205120563507 
4,0.14022140204906464 0.43911439180374146 0.14022140204906464 0.21402214467525482 0.06642066687345505 
4,0.19540229439735413 0.23946359753608704 0.13793103396892548 0.26819923520088196 0.1590038239955902 
4,0.1875 0.3020833432674408 0.1302083432674408 0.1666666716337204 0.2135416716337204 
4,0.1428571492433548 0.24223603308200836 0.26708075404167175 0.20496894419193268 0.1428571492433548 
4,0.24067796766757965 0.25762712955474854 0.13898305594921112 0.20338982343673706 0.15932203829288483 
4,0.1955307275056839 0.33519551157951355 0.14525139331817627 0.1955307275056839 0.12849161028862 
4,0.24725274741649628 0.1428571492433548 0.12637363374233246 0.37362638115882874 0.10989011079072952 
4,0.1850220263004303 0.29955947399139404 0.14537444710731506 0.15859030187129974 0.21145373582839966 
4,0.12093023210763931 0.47441861033439636 0.06976744532585144 0.1302325576543808 0.20465116202831268 
4,0.23404255509376526 0.2097264528274536 0.17933130264282227 0.21580547094345093 0.16109423339366913 
4,0.2960784435272217 0.14509804546833038 0.14509804546833038 0.29411765933036804 0.1196078509092331 
4,0.29601988196372986 0.21144278347492218 0.08706467598676682 0.26119402050971985 0.1442786008119583 
4,0.17553190886974335 0.1773049533367157 0.2499999850988388 0.2429077923297882 0.15425531566143036 
4,0.203125 0.3046875 0.16015625 0.16796875 0.1640625 
4,0.165909081697464 0.2704545259475708 0.23636363446712494 0.24090908467769623 0.08636363595724106 
4,0.13907285034656525 0.29139071702957153 0.19205297529697418 0.25827813148498535 0.1192052960395813 
4,0.2916666567325592 0.12768816947937012 0.14381720125675201 0.34139785170555115 0.09543010592460632 
4,0.19880715012550354 0.19880715012550354 0.21073557436466217 0.26838964223861694 0.12326043099164963 
4,0.19069069623947144 0.171171173453331 0.19819819927215576 0.21621622145175934 0.22372372448444366 
4,0.20179373025894165 0.26905831694602966 0.04932735860347748 0.30493274331092834 0.17488789558410645 
4,0.24545453488826752 0.2181818187236786 0.11818181723356247 0.2590909004211426 0.15909090638160706 
4,0.18531468510627747 0.26923075318336487 0.1258741319179535 0.2762237787246704 0.14335663616657257 
4,0.24928367137908936 0.2779369652271271 0.1318051666021347 0.17478510737419128 0.16618911921977997 
4,0.1627907007932663 0.24186046421527863 0.13953489065170288 0.22325581312179565 0.23255813121795654 
4,0.30534350872039795 0.15458014607429504 0.13549618422985077 0.24809160828590393 0.1564885526895523 
4,0.22945205867290497 0.22602739930152893 0.14041095972061157 0.2773972451686859 0.12671232223510742 
