2,0.14388489723205566 0.42446044087409973 0.10791367292404175 0.14388489723205566 0.17985612154006958 
2,0.14388489723205566 0.35971224308013916 0.1942446082830429 0.12949641048908234 0.17266187071800232 
2,0.24390244483947754 0.10487804561853409 0.19512194395065308 0.3048780560493469 0.15121951699256897 
2,0.1904762089252472 0.341269850730896 0.1031746119260788 0.222222238779068 0.1428571492433548 
2,0.2073170691728592 0.2276422679424286 0.20325201749801636 0.1869918704032898 0.17479674518108368 
2,0.15060240030288696 0.34939756989479065 0.20481926202774048 0.15662649273872375 0.13855421543121338 
2,0.18965516984462738 0.2258620709180832 0.20689654350280762 0.25172412395477295 0.12586206197738647 
2,0.23295454680919647 0.15909090638160706 0.2130681872367859 0.2755681872367859 0.11931818723678589 
2,0.25295859575271606 0.16420118510723114 0.1627219021320343 0.2677514851093292 0.15236686170101166 
2,0.2421652376651764 0.1538461595773697 0.15954415500164032 0.2905983030796051 0.1538461595773697 
2,0.16119402647018433 0.18208955228328705 0.27462688088417053 0.2537313401699066 0.12835821509361267 
2,0.2306368350982666 0.14113597571849823 0.17383821308612823 0.3012048304080963 0.15318416059017181 
2,0.17112299799919128 0.25668448209762573 0.27272728085517883 0.1818181872367859 0.11764705926179886 
2,0.14501510560512543 0.21752265095710754 0.26586103439331055 0.22658610343933105 0.14501510560512543 
2,0.24096384644508362 0.12048192322254181 0.22891566157341003 0.08433734625577927 0.3253012001514435 
2,0.16759775578975677 0.2625698149204254 0.2178770899772644 0.13407820463180542 0.2178770899772644 
2,0.19036145508289337 0.21927711367607117 0.257831335067749 0.2530120611190796 0.07951807230710983 
2,0.10958904027938843 0.3219178020954132 0.267123281955719 0.2397260218858719 0.06164383515715599 
2,0.21445783972740173 0.08674699068069458 0.20481927692890167 0.2530120611190796 0.2409638613462448 
2,0.2631578743457794 0.18526315689086914 0.1642105132341385 0.2505263090133667 0.13684210181236267 
2,0.12621359527111053 0.3106796145439148 0.276699036359787 0.1990291327238083 0.08737864345312119 
2,0.18677042424678802 0.287937730550766 0.24124513566493988 0.18287937343120575 0.10116731375455856 
2,0.21794871985912323 0.16025641560554504 0.26923078298568726 0.21153846383094788 0.14102564752101898 
2,0.20737327635288239 0.2626728117465973 0.24423962831497192 0.21198156476020813 0.07373271882534027 
2,0.24624624848365784 0.21921922266483307 0.15615615248680115 0.18618619441986084 0.1921921968460083 
2,0.11811023950576782 0.4015747904777527 0.14173227548599243 0.12598425149917603 0.21259842813014984 
2,0.2109375 0.1953125 0.1927083432674408 0.3151041865348816 0.0859375 
2,0.2977527976036072 0.13764044642448425 0.1825842708349228 0.18820224702358246 0.19382022321224213 
2,0.18983957171440125 0.24866311252117157 0.23529411852359772 0.1978609710931778 0.12834224104881287 
2,0.21498370170593262 0.23778501152992249 0.18892507255077362 0.19543972611427307 0.16286644339561462 
2,0.23058252036571503 0.2063106745481491 0.21844659745693207 0.18689320981502533 0.15776699781417847 
2,0.16904762387275696 0.2738095223903656 0.14523810148239136 0.20714285969734192 0.20476190745830536 
2,0.1741071492433548 0.2767857313156128 0.2232142984867096 0.2321428656578064 0.0937500074505806 
2,0.16744185984134674 0.33023256063461304 0.16744185984134674 0.1627907007932663 0.17209301888942719 
2,0.26461538672447205 0.19692307710647583 0.1569230705499649 0.2461538463830948 0.13538461923599243 
2,0.18518517911434174 0.47089946269989014 0.08994708955287933 0.12169311940670013 0.13227513432502747 
2,0.22693267464637756 0.24438904225826263 0.10723192244768143 0.24189527332782745 0.1795511245727539 
2,0.19920319318771362 0.25099602341651917 0.21115538477897644 0.17928287386894226 0.1593625545501709 
2,0.20714285969734192 0.2857142984867096 0.20357142388820648 0.20714285969734192 0.09642857313156128 
2,0.20000000298023224 0.10357142984867096 0.3142857253551483 0.21785713732242584 0.16428571939468384 
2,0.29954954981803894 0.1734234243631363 0.11936937272548676 0.3175675868988037 0.09009009599685669 
2,0.1146496832370758 0.331210196018219 0.21019108593463898 0.18471337854862213 0.15923567116260529 
2,0.16260161995887756 0.30487802624702454 0.19918698072433472 0.15447154641151428 0.17886178195476532 
2,0.2125435620546341 0.26829269528388977 0.18118466436862946 0.20209059119224548 0.1358885020017624 
2,0.2864157259464264 0.13584288954734802 0.14402619004249573 0.20621931552886963 0.22749590873718262 
2,0.20564515888690948 0.20967741310596466 0.16935482621192932 0.14516128599643707 0.2701612710952759 
2,0.2182890772819519 0.14159291982650757 0.2418878972530365 0.2654867172241211 0.13274335861206055 
2,0.2182539850473404 0.2301587462425232 0.1944444626569748 0.1865079402923584 0.170634925365448 
2,0.2469879388809204 0.24096384644508362 0.16867469251155853 0.22289155423641205 0.12048192322254181 
2,0.1524926722049713 0.3167155385017395 0.23753665387630463 0.19354838132858276 0.0997067466378212 
2,0.1488095223903656 0.1755952388048172 0.2976190447807312 0.2261904776096344 0.1517857164144516 
2,0.236697256565094 0.18165138363838196 0.1706421971321106 0.28073394298553467 0.13027523458003998 
2,0.21202531456947327 0.2278481125831604 0.16455696523189545 0.2278481125831604 0.16772152483463287 
2,0.14917127788066864 0.2209944874048233 0.32596686482429504 0.09392265230417252 0.20994475483894348 
2,0.1563088446855545 0.30696797370910645 0.20715630054473877 0.1600753217935562 0.16949152946472168 
2,0.13380281627178192 0.2511737048625946 0.26525822281837463 0.14319248497486115 0.2065727710723877 
2,0.1473684310913086 0.35789474844932556 0.23157896101474762 0.1894736886024475 0.0736842155456543 
2,0.20765027403831482 0.2295081913471222 0.14754098653793335 0.23224042356014252 0.18306010961532593 
2,0.2640186846256256 0.1612149477005005 0.1752336323261261 0.2827102839946747 0.11682242900133133 
2,0.2944444417953491 0.27222222089767456 0.08888889104127884 0.25555557012557983 0.08888889104127884 
2,0.14797136187553406 0.23866349458694458 0.2768496572971344 0.171837717294693 0.16467781364917755 
2,0.21264368295669556 0.29885056614875793 0.20114941895008087 0.1867816150188446 0.10057470947504044 
2,0.2850678861141205 0.2398190200328827 0.1085972934961319 0.26696833968162537 0.09954751282930374 
2,0.25505051016807556 0.21969696879386902 0.08838383853435516 0.21717171370983124 0.21969696879386902 
2,0.2054794430732727 0.31506848335266113 0.267123281955719 0.08219178020954132 0.13013698160648346 
2,0.18764300644397736 0.260869562625885 0.19221967458724976 0.19908465445041656 0.16018305718898773 
2,0.20567375421524048 0.11347517371177673 0.2978723347187042 0.22695034742355347 0.1560283601284027 
2,0.22269806265830994 0.13490363955497742 0.21199142932891846 0.2890792191028595 0.1413276195526123 
2,0.24015748500823975 0.24409449100494385 0.18110236525535583 0.17716535925865173 0.15748031437397003 
2,0.21329639852046967 0.2936288118362427 0.16620498895645142 0.22714680433273315 0.09972298890352249 
2,0.2328244298696518 0.16412213444709778 0.19847328960895538 0.21374045312404633 0.19083969295024872 
2,0.1866028606891632 0.28947368264198303 0.1435406655073166 0.2511961758136749 0.12918660044670105 
2,0.23166023194789886 0.2277992218732834 0.20849420130252838 0.22007721662521362 0.11196911334991455 
2,0.12616822123527527 0.3177570104598999 0.322429895401001 0.14485980570316315 0.08878504484891891 
2,0.21926909685134888 0.21926909685134888 0.14617939293384552 0.14617939293384552 0.2691029906272888 
2,0.1568627506494522 0.18552036583423615 0.2503770887851715 0.1493212729692459 0.2579185664653778 
2,0.20220588147640228 0.20588235557079315 0.15808823704719543 0.23529411852359772 0.1985294073820114 
2,0.15932203829288483 0.2881355881690979 0.2305084764957428 0.14576271176338196 0.17627118527889252 
2,0.17424242198467255 0.27020201086997986 0.16414141654968262 0.2777777910232544 0.11363636702299118 
2,0.17374517023563385 0.2277992218732834 0.25868725776672363 0.11969111859798431 0.22007721662521362 
2,0.1520737260580063 0.18433180451393127 0.35483869910240173 0.1981566846370697 0.1105990782380104 
2,0.16911764442920685 0.25735294818878174 0.28308823704719543 0.1764705926179886 0.11397058516740799 
2,0.1862068921327591 0.16206896305084229 0.24137930572032928 0.27241379022598267 0.13793103396892548 
2,0.2041420191526413 0.23964497447013855 0.17159762978553772 0.26035502552986145 0.12426035851240158 
2,0.13907285034656525 0.2781457006931305 0.22516556084156036 0.22516556084156036 0.13245032727718353 
2,0.1779141128063202 0.20858895778656006 0.20858895778656006 0.17177914083003998 0.23312883079051971 
2,0.21794871985912323 0.2371794879436493 0.19871795177459717 0.1538461595773697 0.19230769574642181 
2,0.22857142984867096 0.0714285746216774 0.40714284777641296 0.09285714477300644 0.20000000298023224 
2,0.12068965286016464 0.2931034564971924 0.24482758343219757 0.1827586144208908 0.158620685338974 
2,0.1906614750623703 0.31128403544425964 0.23346303403377533 0.19455252587795258 0.07003890722990036 
2,0.18539325892925262 0.1994381994009018 0.24719101190567017 0.17977528274059296 0.18820224702358246 
2,0.27614378929138184 0.1388888955116272 0.1568627506494522 0.2924836575984955 0.13562092185020447 
2,0.14601770043373108 0.28761062026023865 0.20796459913253784 0.190265491604805 0.16814158856868744 
2,0.22627736628055573 0.22627736628055573 0.17518247663974762 0.18978102505207062 0.18248175084590912 
2,0.19822485744953156 0.2041420191526413 0.25147929787635803 0.16863904893398285 0.17751479148864746 
2,0.2781316637992859 0.19320595264434814 0.1125265434384346 0.2208068072795868 0.19532909989356995 
2,0.25141778588294983 0.13421550393104553 0.21361058950424194 0.2079395204782486 0.19281664490699768 
2,0.18862275779247284 0.272455096244812 0.17365270853042603 0.200598806142807 0.1646706610918045 
2,0.23295454680919647 0.27272728085517883 0.1931818276643753 0.15340909361839294 0.14772728085517883 
2,0.2633451819419861 0.0854092538356781 0.27046263217926025 0.23843416571617126 0.1423487514257431 
3,0.21153846383094788 0.299450546503067 0.11813186854124069 0.1895604431629181 0.18131868541240692 
3,0.22660097479820251 0.2216748744249344 0.1625615805387497 0.22660097479820251 0.1625615805387497 
3,0.16129031777381897 0.3467741906642914 0.16935484111309052 0.1639784872531891 0.15860214829444885 
3,0.1442786008119583 0.4029850661754608 0.17412935197353363 0.12935322523117065 0.1492537260055542 
3,0.13028168678283691 0.43661969900131226 0.15492957830429077 0.1232394352555275 0.15492957830429077 
3,0.28180354833602905 0.13204509019851685 0.1529790610074997 0.2222222238779068 0.2109500765800476 
3,0.14977973699569702 0.39647576212882996 0.12775330245494843 0.14537444710731506 0.18061673641204834 
3,0.18421053886413574 0.31842106580734253 0.16842105984687805 0.16578948497772217 0.1631578952074051 
3,0.18437500298023224 0.34687501192092896 0.14374999701976776 0.203125 0.12187500298023224 
3,0.23529411852359772 0.1662404090166092 0.23273657262325287 0.12787723541259766 0.23785166442394257 
3,0.17010308802127838 0.21134020388126373 0.26288658380508423 0.17525772750377655 0.18041236698627472 
3,0.1666666716337204 0.32870370149612427 0.2222222238779068 0.20370370149612427 0.07870370149612427 
3,0.35741445422172546 0.11406844109296799 0.1444866955280304 0.15019011497497559 0.23384030163288116 
3,0.20540541410446167 0.25405406951904297 0.21621622145175934 0.18918919563293457 0.13513514399528503 
3,0.3377659320831299 0.24202126264572144 0.10638297349214554 0.20212765038013458 0.11170212179422379 
3,0.15755626559257507 0.260450154542923 0.21543407440185547 0.23151125013828278 0.13504822552204132 
3,0.13636364042758942 0.37337663769721985 0.1818181872367859 0.18831168115139008 0.12012986838817596 
3,0.17877094447612762 0.29329606890678406 0.1731843501329422 0.23184357583522797 0.12290502339601517 
3,0.23616236448287964 0.2656826674938202 0.19188192486763 0.22509224712848663 0.08118081092834473 
3,0.12616822123527527 0.3037382960319519 0.19158877432346344 0.15887850522994995 0.21962615847587585 
3,0.20000000298023224 0.38064515590667725 0.10967741906642914 0.23870967328548431 0.07096774131059647 
3,0.25126904249191284 0.2182741016149521 0.20304568111896515 0.1903553307056427 0.13705582916736603 
3,0.2657342553138733 0.28671327233314514 0.2377622425556183 0.17482517659664154 0.03496503457427025 
3,0.22660097479820251 0.47783249616622925 0.02463054098188877 0.1231527104973793 0.14778324961662292 
3,0.18441557884216309 0.18961039185523987 0.24155843257904053 0.19740259647369385 0.18701298534870148 
