0,0.292119562625885 0.12092391401529312 0.167119562625885 0.2445652186870575 0.17527174949645996 
0,0.36565977334976196 0.11605723202228546 0.13513514399528503 0.22257551550865173 0.1605723351240158 
0,0.2590090036392212 0.12612612545490265 0.1644144207239151 0.31081080436706543 0.13963964581489563 
0,0.09565217047929764 0.2869565188884735 0.21739129722118378 0.16521738469600677 0.23478259146213531 
0,0.28169015049934387 0.2065727710723877 0.14084507524967194 0.27699530124664307 0.09389671683311462 
0,0.3247588276863098 0.12861736118793488 0.15434083342552185 0.20257234573364258 0.1897106021642685 
0,0.21705426275730133 0.27131783962249756 0.15245477855205536 0.16537468135356903 0.19379845261573792 
0,0.22794117033481598 0.29411765933036804 0.08088235557079315 0.2132352888584137 0.18382352590560913 
0,0.21223022043704987 0.3057554066181183 0.17266187071800232 0.14028777182102203 0.1690647453069687 
0,0.24939468502998352 0.20581114292144775 0.1355932205915451 0.2566586136817932 0.152542382478714 
0,0.4087452292442322 0.12737642228603363 0.05893535912036896 0.22053231298923492 0.18441064655780792 
0,0.25364431738853455 0.2069970965385437 0.16034986078739166 0.1428571492433548 0.23615160584449768 
0,0.2142857164144516 0.1428571492433548 0.1801242232322693 0.239130437374115 0.22360248863697052 
0,0.2242424190044403 0.17878787219524384 0.21515150368213654 0.22121211886405945 0.16060605645179749 
0,0.3483146131038666 0.10393258184194565 0.16011236608028412 0.1994381994009018 0.18820224702358246 
0,0.23178808391094208 0.2715231776237488 0.10927152633666992 0.22516556084156036 0.16225165128707886 
0,0.17492711544036865 0.20116618275642395 0.13702625036239624 0.262390673160553 0.22448980808258057 
0,0.26223093271255493 0.2133072316646576 0.16242662072181702 0.2407045066356659 0.12133072316646576 
0,0.1268656700849533 0.43283581733703613 0.21641790866851807 0.10447760671377182 0.11940298229455948 
0,0.2700729966163635 0.20072992146015167 0.1386861354112625 0.18978102505207062 0.20072992146015167 
0,0.1428571343421936 0.23673468828201294 0.20408162474632263 0.1755101978778839 0.24081631004810333 
0,0.2839196026325226 0.24371859431266785 0.143216073513031 0.1683417111635208 0.16080401837825775 
0,0.19700749218463898 0.31172069907188416 0.15710723400115967 0.17456360161304474 0.15960100293159485 
0,0.4968474209308624 0.039092056453228 0.10466582328081131 0.25977301597595215 0.09962169080972672 
0,0.16877636313438416 0.28270041942596436 0.15189872682094574 0.2236286848783493 0.17299577593803406 
0,0.24369749426841736 0.16386555135250092 0.04621848836541176 0.3613445460796356 0.18487395346164703 
0,0.09302325546741486 0.44186046719551086 0.1627907007932663 0.13953489065170288 0.1627907007932663 
0,0.19090908765792847 0.3999999761581421 0.072727270424366 0.20909090340137482 0.12727272510528564 
0,0.2380952537059784 0.3571428656578064 0.1150793731212616 0.1547619104385376 0.1349206417798996 
0,0.12432432919740677 0.29729729890823364 0.20000000298023224 0.2108108103275299 0.16756756603717804 
0,0.11363636702299118 0.3181818127632141 0.27272728085517883 0.1931818276643753 0.10227273404598236 
0,0.23058252036571503 0.09708738327026367 0.03883495181798935 0.3859223425388336 0.24757282435894012 
0,0.3333333432674408 0.09876543283462524 0.12037037312984467 0.2854938209056854 0.16203704476356506 
0,0.27157893776893616 0.1642105132341385 0.1178947314620018 0.3368420898914337 0.10947367548942566 
0,0.29795917868614197 0.11836734414100647 0.1755101978778839 0.2857142686843872 0.12244897335767746 
0,0.18623481690883636 0.26720649003982544 0.14979757368564606 0.19028340280056 0.20647773146629333 
0,0.24074073135852814 0.27037036418914795 0.1666666567325592 0.2481481432914734 0.07407407462596893 
0,0.343989759683609 0.10230179131031036 0.15856777131557465 0.20204603672027588 0.1930946260690689 
0,0.2853260934352875 0.16847826540470123 0.1875 0.198369562625885 0.16032609343528748 
0,0.19597989320755005 0.14070351421833038 0.21105527877807617 0.3065326511859894 0.14572864770889282 
0,0.17213113605976105 0.44262292981147766 0.13934426009655 0.17213113605976105 0.07377048581838608 
0,0.3693379759788513 0.17073170840740204 0.18466898798942566 0.1463414579629898 0.12891985476016998 
0,0.27251186966896057 0.1872037947177887 0.12085308134555817 0.2511848509311676 0.16824644804000854 
0,0.18446601927280426 0.26213592290878296 0.16504855453968048 0.2588996887207031 0.12944984436035156 
0,0.3246977627277374 0.11226252466440201 0.184801384806633 0.1727115660905838 0.20552676916122437 
0,0.1484716236591339 0.3449781835079193 0.1965065598487854 0.1572052389383316 0.15283842384815216 
0,0.22994652390480042 0.25668448209762573 0.10695187747478485 0.24331551790237427 0.16310161352157593 
0,0.12974683940410614 0.3291139304637909 0.2278481125831604 0.11075949668884277 0.20253165066242218 
0,0.2808988690376282 0.2078651636838913 0.12078651785850525 0.27808988094329834 0.11235955357551575 
0,0.35119888186454773 0.09026798605918884 0.13963329792022705 0.24259521067142487 0.1763046532869339 
0,0.19209039211273193 0.2288135588169098 0.21468926966190338 0.23163841664791107 0.13276836276054382 
0,0.33742329478263855 0.21165643632411957 0.1349693238735199 0.21779140830039978 0.09815950691699982 
0,0.17610062658786774 0.21698112785816193 0.2421383559703827 0.22641508281230927 0.138364776968956 
0,0.1607142835855484 0.2750000059604645 0.19285714626312256 0.15000000596046448 0.22142857313156128 
0,0.2067851424217224 0.16316640377044678 0.21970921754837036 0.12116316705942154 0.2891761064529419 
0,0.2235294133424759 0.1764705926179886 0.2235294133424759 0.21176470816135406 0.16470588743686676 
0,0.33069083094596863 0.05436013638973236 0.127972811460495 0.34428083896636963 0.142695352435112 
0,0.2691029906272888 0.3289036452770233 0.0830564796924591 0.23255813121795654 0.08637873828411102 
0,0.10106382519006729 0.40425530076026917 0.10106382519006729 0.1914893537759781 0.20212765038013458 
0,0.2083333432674408 0.2916666865348816 0.1354166716337204 0.2708333432674408 0.09375 
0,0.33104631304740906 0.08233276009559631 0.16295026242733002 0.2881646752357483 0.13550600409507751 
0,0.2616487443447113 0.19175627827644348 0.17204301059246063 0.2455197125673294 0.12903225421905518 
0,0.24495676159858704 0.16138328611850739 0.2046109437942505 0.18731987476348877 0.20172910392284393 
0,0.2196531742811203 0.30635836720466614 0.13583815097808838 0.1791907548904419 0.1589595377445221 
0,0.14487633109092712 0.31448763608932495 0.12014134228229523 0.2826855182647705 0.13780918717384338 
0,0.23188406229019165 0.3333333432674408 0.15458936989307404 0.13526569306850433 0.14492753148078918 
0,0.06666667014360428 0.4866666793823242 0.07333333790302277 0.2666666805744171 0.1066666692495346 
0,0.32751092314720154 0.27947598695755005 0.09170305728912354 0.22270742058753967 0.0786026194691658 
0,0.26302728056907654 0.13399504125118256 0.13399504125118256 0.31265509128570557 0.15632754564285278 
0,0.19243986904621124 0.3505154550075531 0.14432990550994873 0.1993127167224884 0.11340206116437912 
0,0.2108108103275299 0.3513513505458832 0.0486486479640007 0.18918919563293457 0.20000000298023224 
0,0.24791085720062256 0.23676879703998566 0.10027854889631271 0.21448467671871185 0.20055709779262543 
0,0.23963133990764618 0.2949308753013611 0.10138248652219772 0.17972350120544434 0.18433180451393127 
0,0.23880596458911896 0.35820895433425903 0.03731343150138855 0.18656715750694275 0.17910447716712952 
0,0.29661017656326294 0.19703389704227448 0.13771186769008636 0.27966102957725525 0.08898305147886276 
1,0.18285714089870453 0.4342857003211975 0.1542857140302658 0.10857142508029938 0.11999999731779099 
1,0.23232322931289673 0.2693602740764618 0.10774410516023636 0.2794612646102905 0.1111111119389534 
1,0.18987342715263367 0.3639240562915802 0.16139240562915802 0.1930379867553711 0.0917721539735794 
1,0.25531914830207825 0.22340424358844757 0.22340424358844757 0.24468083679676056 0.05319148674607277 
1,0.22676579654216766 0.2304832637310028 0.20817843079566956 0.1672862470149994 0.1672862470149994 
1,0.2291666716337204 0.261904776096344 0.1815476268529892 0.1458333432674408 0.1815476268529892 
1,0.16877636313438416 0.3544303774833679 0.26160335540771484 0.14767931401729584 0.06751054525375366 
1,0.15492957830429077 0.3802816867828369 0.12206573039293289 0.13615024089813232 0.2065727710723877 
1,0.19796954095363617 0.2893401086330414 0.15228426456451416 0.22335025668144226 0.13705582916736603 
1,0.17180615663528442 0.25550660490989685 0.2819383144378662 0.1629955917596817 0.12775330245494843 
1,0.12158054858446121 0.3039513826370239 0.2249240130186081 0.2097264528274536 0.13981762528419495 
1,0.11428572237491608 0.10952381044626236 0.3047619163990021 0.27142858505249023 0.20000000298023224 
1,0.10476190596818924 0.31904762983322144 0.20952381193637848 0.11428572237491608 0.25238096714019775 
1,0.16304348409175873 0.19927535951137543 0.23188406229019165 0.17391304671764374 0.23188406229019165 
1,0.17266187071800232 0.28776979446411133 0.158273383975029 0.20863309502601624 0.17266187071800232 
1,0.17600001394748688 0.24000000953674316 0.2880000174045563 0.20800000429153442 0.08800000697374344 
1,0.1373801827430725 0.4089456796646118 0.2587859332561493 0.10543131083250046 0.08945687115192413 
1,0.17991630733013153 0.22594141960144043 0.24267782270908356 0.20083680748939514 0.15062761306762695 
1,0.14559386670589447 0.28352490067481995 0.2375478893518448 0.19540229439735413 0.13793103396892548 
1,0.24855491518974304 0.21676300466060638 0.13583815097808838 0.2803468108177185 0.1184971034526825 
1,0.15573769807815552 0.35245898365974426 0.2704917788505554 0.10655736923217773 0.1147540956735611 
1,0.1785714328289032 0.341269850730896 0.1984127163887024 0.1349206417798996 0.1468254029750824 
1,0.12105263769626617 0.3368421196937561 0.2368421107530594 0.15789474546909332 0.1473684310913086 
1,0.19548872113227844 0.30075186491012573 0.21804511547088623 0.16290727257728577 0.12280701845884323 
1,0.15102040767669678 0.3877550959587097 0.15102040767669678 0.17142856121063232 0.13877549767494202 
1,0.20600858330726624 0.2360514998435974 0.20171673595905304 0.15879827737808228 0.19742488861083984 
1,0.1538461595773697 0.4769230782985687 0.1230769231915474 0.1846153885126114 0.0615384615957737 
1,0.13571429252624512 0.2964285612106323 0.25357142090797424 0.18214285373687744 0.13214285671710968 
1,0.19081272184848785 0.2826855182647705 0.18021202087402344 0.17667844891548157 0.16961130499839783 
1,0.16228070855140686 0.3245614171028137 0.19736842811107635 0.14912280440330505 0.1666666716337204 
1,0.16187050938606262 0.3273381292819977 0.17985612154006958 0.14388489723205566 0.18705035746097565 
1,0.12121212482452393 0.4128788113594055 0.22727273404598236 0.12121212482452393 0.11742424964904785 
1,0.2040133774280548 0.1638796031475067 0.17725752294063568 0.3110367953777313 0.14381270110607147 
1,0.15267175436019897 0.40458014607429504 0.19083969295024872 0.11450381577014923 0.13740457594394684 
1,0.1875 0.2163461595773697 0.2836538553237915 0.254807710647583 0.05769231170415878 
1,0.15438596904277802 0.2947368621826172 0.2280701845884323 0.13684210181236267 0.1859649121761322 
1,0.10441766679286957 0.3775100111961365 0.26907628774642944 0.12048192322254181 0.12851405143737793 
1,0.2075892984867096 0.2700892984867096 0.165178582072258 0.2075892984867096 0.149553582072258 
1,0.13624678552150726 0.26478150486946106 0.2442159354686737 0.19023136794567108 0.16452442109584808 
1,0.274760365486145 0.22683705389499664 0.17252396047115326 0.23961660265922546 0.08626198023557663 
1,0.14814814925193787 0.34074074029922485 0.18518517911434174 0.10740740597248077 0.21851851046085358 
1,0.17365270853042603 0.359281450510025 0.19161677360534668 0.11976048350334167 0.15568862855434418 
1,0.16239316761493683 0.3760683834552765 0.15811966359615326 0.20940172672271729 0.09401709586381912 
1,0.1538461595773697 0.17846153676509857 0.2461538463830948 0.20307692885398865 0.2184615433216095 
1,0.1807228922843933 0.2680722773075104 0.15361444652080536 0.21987950801849365 0.17771083116531372 
1,0.23271889984607697 0.1981566846370697 0.17050690948963165 0.25806450843811035 0.14055299758911133 
1,0.21202531456947327 0.3417721688747406 0.13924050331115723 0.18987342715263367 0.11708860844373703 
1,0.1977401077747345 0.35593220591545105 0.20903955399990082 0.10169491171836853 0.1355932205915451 
1,0.14367815852165222 0.36206895112991333 0.21264368295669556 0.13218390941619873 0.14942528307437897 
1,0.1316872388124466 0.30041152238845825 0.23868311941623688 0.18106995522975922 0.14814814925193787 
