4,0.25245901942253113 0.1770491749048233 0.16393442451953888 0.2360655665397644 0.1704917997121811 
4,0.050847455859184265 0.694915235042572 0.10169491171836853 0.05932203307747841 0.09322033822536469 
4,0.16044776141643524 0.3544776141643524 0.1268656700849533 0.2462686449289322 0.11194029450416565 
4,0.1666666716337204 0.2368421107530594 0.21929824352264404 0.2017543911933899 0.17543859779834747 
4,0.15492957830429077 0.41126757860183716 0.12112675607204437 0.2112676054239273 0.1014084443449974 
4,0.1212937980890274 0.3045822083950043 0.22641508281230927 0.164420485496521 0.18328841030597687 
4,0.16790124773979187 0.19506174325942993 0.14320988953113556 0.33580249547958374 0.15802469849586487 
4,0.2430555522441864 0.1215277761220932 0.1545138955116272 0.2951388955116272 0.1857638955116272 
4,0.23821339011192322 0.18858560919761658 0.1513647586107254 0.2084367275238037 0.2133994996547699 
4,0.20512820780277252 0.1994301974773407 0.202279195189476 0.19658119976520538 0.19658119976520538 
4,0.23756906390190125 0.19060774147510529 0.18232044577598572 0.30662983655929565 0.08287293463945389 
4,0.14662756025791168 0.2961876690387726 0.18768328428268433 0.26099705696105957 0.10850439965724945 
4,0.27375200390815735 0.1417069286108017 0.1835748851299286 0.24315620958805084 0.15780998766422272 
4,0.11299435049295425 0.38418078422546387 0.21468926966190338 0.11864406615495682 0.16949152946472168 
4,0.15899580717086792 0.3556485176086426 0.1422594040632248 0.14644351601600647 0.19665271043777466 
4,0.21134020388126373 0.18814432621002197 0.1829896867275238 0.311855673789978 0.10567010194063187 
4,0.18666666746139526 0.3033333420753479 0.18666666746139526 0.19333334267139435 0.1300000101327896 
4,0.20257234573364258 0.2508038580417633 0.15112540125846863 0.2186495065689087 0.1768488734960556 
4,0.25106382369995117 0.1914893537759781 0.16595743596553802 0.22340424358844757 0.16808509826660156 
4,0.19692307710647583 0.13230769336223602 0.23076923191547394 0.2769230902194977 0.16307692229747772 
4,0.18431372940540314 0.24117648601531982 0.1509803980588913 0.24313727021217346 0.18039216101169586 
4,0.20316027104854584 0.2370203286409378 0.15801355242729187 0.268623024225235 0.1331828534603119 
4,0.15200001001358032 0.41600000858306885 0.1120000034570694 0.18400001525878906 0.13600000739097595 
4,0.19801980257034302 0.25544553995132446 0.14455446600914001 0.249504953622818 0.1524752527475357 
4,0.24691356718540192 0.2716049253940582 0.1111111044883728 0.23456789553165436 0.1358024626970291 
4,0.20952381193637848 0.3095238208770752 0.10476190596818924 0.17619048058986664 0.20000000298023224 
4,0.1459074765443802 0.3167259693145752 0.13345195353031158 0.2971530258655548 0.10676156729459763 
4,0.15668202936649323 0.3179723620414734 0.11981566995382309 0.17972350120544434 0.22580644488334656 
4,0.15789474546909332 0.4263158142566681 0.12631580233573914 0.21578948199748993 0.0736842155456543 
4,0.2224999964237213 0.26749998331069946 0.08749999850988388 0.3024999797344208 0.11999999731779099 
4,0.22829581797122955 0.19935691356658936 0.19614148139953613 0.20900321006774902 0.16720256209373474 
4,0.2085106372833252 0.08723404258489609 0.22340424358844757 0.3127659559249878 0.16808509826660156 
4,0.18912529945373535 0.2222222238779068 0.15839242935180664 0.2576832175254822 0.17257682979106903 
4,0.23322147130966187 0.12751677632331848 0.12080536782741547 0.3372483253479004 0.1812080591917038 
4,0.22836539149284363 0.29326924681663513 0.09375 0.29086539149284363 0.09375 
4,0.2172284722328186 0.2247191071510315 0.1760299652814865 0.21348315477371216 0.16853933036327362 
4,0.1402985155582428 0.3910447657108307 0.16119402647018433 0.19402985274791718 0.11343283951282501 
4,0.19696968793869019 0.23636363446712494 0.15454545617103577 0.3121212124824524 0.09999999403953552 
4,0.14999999105930328 0.2954545319080353 0.18636363744735718 0.15909090638160706 0.20909090340137482 
4,0.20061728358268738 0.1419753134250641 0.18518519401550293 0.3240740895271301 0.14814814925193787 
4,0.21052630245685577 0.2200956791639328 0.13875597715377808 0.2631578743457794 0.16746410727500916 
4,0.24060150980949402 0.15789474546909332 0.17293234169483185 0.33082708716392517 0.09774436056613922 
4,0.24651162326335907 0.2186046540737152 0.14883720874786377 0.17906977236270905 0.2069767415523529 
4,0.2697368562221527 0.17105263471603394 0.125 0.25328946113586426 0.1809210479259491 
4,0.1792260706424713 0.14663952589035034 0.2505091726779938 0.30142566561698914 0.12219959497451782 
4,0.20472440123558044 0.15354330837726593 0.24015748500823975 0.26771652698516846 0.13385826349258423 
4,0.24881890416145325 0.15748031437397003 0.14173227548599243 0.29921260476112366 0.15275590121746063 
4,0.17406143248081207 0.2184300273656845 0.24232080578804016 0.180887371301651 0.18430033326148987 
4,0.23224042356014252 0.2185792326927185 0.215846985578537 0.2295081913471222 0.10382513701915741 
4,0.2301587462425232 0.2321428656578064 0.1230158805847168 0.2757936716079712 0.1388888955116272 
4,0.25123152136802673 0.2660098373889923 0.11822660267353058 0.24137930572032928 0.1231527104973793 
4,0.20529800653457642 0.17880794405937195 0.19205297529697418 0.14569535851478577 0.2781457006931305 
4,0.2400793731212616 0.1825396865606308 0.1607142984867096 0.25 0.1666666716337204 
4,0.2153109908103943 0.15071769058704376 0.16746410727500916 0.3086124360561371 0.15789473056793213 
4,0.22857142984867096 0.27012985944747925 0.14805194735527039 0.20519480109214783 0.14805194735527039 
4,0.24464832246303558 0.15290521085262299 0.1834862381219864 0.269113153219223 0.1498471051454544 
4,0.27272728085517883 0.2431289553642273 0.08456659317016602 0.21987314522266388 0.17970401048660278 
4,0.2249070554971695 0.15799255669116974 0.18401487171649933 0.2769516706466675 0.15613383054733276 
4,0.22337278723716736 0.09911242872476578 0.21597632765769958 0.27218934893608093 0.18934911489486694 
4,0.15596330165863037 0.4128440320491791 0.09633027017116547 0.16513760387897491 0.16972476243972778 
4,0.14316239953041077 0.25427350401878357 0.10256411135196686 0.32478633522987366 0.17521367967128754 
4,0.23899370431900024 0.11320754140615463 0.1949685513973236 0.2641509473323822 0.18867923319339752 
4,0.18326693773269653 0.3306773006916046 0.15139442682266235 0.17131474614143372 0.16334661841392517 
4,0.22663550078868866 0.22196261584758759 0.13084112107753754 0.17289718985557556 0.24766354262828827 
4,0.25751879811286926 0.1898496299982071 0.20488722622394562 0.2274436205625534 0.12030075490474701 
4,0.17977528274059296 0.2786516845226288 0.11910112202167511 0.3056179881095886 0.11685393750667572 
4,0.1666666716337204 0.1927083432674408 0.2005208432674408 0.3151041865348816 0.125 
4,0.2522796392440796 0.3009118437767029 0.07902735471725464 0.2644377052783966 0.10334346443414688 
4,0.15596330165863037 0.17889907956123352 0.18807338178157806 0.40366971492767334 0.07339449226856232 
4,0.21682848036289215 0.18608415126800537 0.16990292072296143 0.2443365752696991 0.18284790217876434 
4,0.253947377204895 0.17500001192092896 0.11578948050737381 0.3052631616592407 0.15000000596046448 
4,0.2078152745962143 0.26465365290641785 0.13676732778549194 0.25754883885383606 0.13321492075920105 
4,0.23636363446712494 0.09586776793003082 0.20661157369613647 0.3190082609653473 0.14214876294136047 
4,0.15859030187129974 0.2819383144378662 0.19383259117603302 0.12775330245494843 0.23788544535636902 
4,0.20393119752407074 0.19164618849754333 0.174447163939476 0.2702702581882477 0.15970516204833984 
4,0.23783785104751587 0.2243243306875229 0.15405406057834625 0.20000000298023224 0.18378378450870514 
4,0.1355932205915451 0.31355932354927063 0.33898305892944336 0.17796610295772552 0.033898305147886276 
4,0.21042470633983612 0.27413126826286316 0.16795367002487183 0.21621620655059814 0.13127413392066956 
4,0.22760646045207977 0.22760646045207977 0.1336270123720169 0.2672540247440338 0.14390601217746735 
4,0.1825525015592575 0.2084006518125534 0.17124395072460175 0.2827140688896179 0.1550888568162918 
4,0.19339622557163239 0.3207547068595886 0.17688679695129395 0.14858490228652954 0.1603773534297943 
4,0.2271241843700409 0.16993464529514313 0.16503268480300903 0.28594771027565 0.15196079015731812 
4,0.2722891569137573 0.17349398136138916 0.1036144569516182 0.27710843086242676 0.17349398136138916 
4,0.1576763540506363 0.37344399094581604 0.14522822201251984 0.17427386343479156 0.14937759935855865 
4,0.1666666716337204 0.39247313141822815 0.09139785170555115 0.19354838132858276 0.15591397881507874 
4,0.200389102101326 0.2159533053636551 0.18287937343120575 0.23540855944156647 0.1653696447610855 
4,0.1666666716337204 0.3333333432674408 0.14912280440330505 0.2631579041481018 0.08771929889917374 
4,0.18510158360004425 0.2370203286409378 0.16704289615154266 0.22573363780975342 0.18510158360004425 
4,0.16022099554538727 0.22375690937042236 0.2209944874048233 0.22651934623718262 0.16850829124450684 
4,0.22055137157440186 0.22055137157440186 0.20551379024982452 0.22305764257907867 0.1303258091211319 
4,0.22510232031345367 0.13506139814853668 0.144611194729805 0.3110504746437073 0.18417462706565857 
4,0.19337017834186554 0.41436466574668884 0.13812154531478882 0.11049724370241165 0.14364641904830933 
4,0.17223650217056274 0.22365038096904755 0.2313624620437622 0.21593829989433289 0.15681234002113342 
4,0.10457516461610794 0.4771241843700409 0.15032680332660675 0.05228758230805397 0.21568627655506134 
4,0.22096316516399384 0.2606232166290283 0.11614730954170227 0.20396600663661957 0.1983002871274948 
4,0.19558359682559967 0.19242902100086212 0.17823344469070435 0.2760252356529236 0.15772871673107147 
4,0.20996440947055817 0.3202846944332123 0.11743772029876709 0.23487544059753418 0.11743772029876709 
4,0.11415524780750275 0.35159817337989807 0.1780821830034256 0.12328766286373138 0.2328767031431198 
4,0.17989417910575867 0.357142835855484 0.16931216418743134 0.15343914926052094 0.14021164178848267 
4,0.267578125 0.216796875 0.119140625 0.24609375 0.150390625 
4,0.19933554530143738 0.35880398750305176 0.1827242523431778 0.17940199375152588 0.07973422110080719 
4,0.23191489279270172 0.20212765038013458 0.17234042286872864 0.26595744490623474 0.12765957415103912 
4,0.24220183491706848 0.15045872330665588 0.1908256858587265 0.29174312949180603 0.1247706413269043 
4,0.19426751136779785 0.3789809048175812 0.13375796377658844 0.17834395170211792 0.1146496832370758 
4,0.2280130237340927 0.19706839323043823 0.12866449356079102 0.3094462454319 0.13680781424045563 
4,0.17571884393692017 0.292332261800766 0.15654951333999634 0.16613417863845825 0.20926517248153687 
4,0.1304347813129425 0.11739129573106766 0.1826086938381195 0.3913043439388275 0.17826086282730103 
4,0.30612245202064514 0.21173468232154846 0.05612244829535484 0.31377550959587097 0.11224489659070969 
4,0.0882352963089943 0.3529411852359772 0.11764705926179886 0.14705882966518402 0.29411765933036804 
4,0.15129151940345764 0.38376384973526 0.14022140204906464 0.16605165600776672 0.15867158770561218 
4,0.2213592231273651 0.24466019868850708 0.12038835138082504 0.25242719054222107 0.1611650586128235 
4,0.2056277096271515 0.23593074083328247 0.2532467544078827 0.24025973677635193 0.06493506580591202 
4,0.22310757637023926 0.31075698137283325 0.1155378520488739 0.19521912932395935 0.15537849068641663 
4,0.24957264959812164 0.14529915153980255 0.1367521435022354 0.2957265079021454 0.1726495772600174 
4,0.19431281089782715 0.20379146933555603 0.1516587734222412 0.2914692163467407 0.15876777470111847 
4,0.2188006490468979 0.17179901897907257 0.22528362274169922 0.22852511703968048 0.15559157729148865 
4,0.17224879562854767 0.27272725105285645 0.12918660044670105 0.20574161410331726 0.2200956791639328 
4,0.15589353442192078 0.31178706884384155 0.17870722711086273 0.17110265791416168 0.18250951170921326 
4,0.21103118360042572 0.11270983517169952 0.24700240790843964 0.36211031675338745 0.06714628636837006 
4,0.19501134753227234 0.24036280810832977 0.1496598720550537 0.2290249466896057 0.18594104051589966 
4,0.14035087823867798 0.17105263471603394 0.21052631735801697 0.2631579041481018 0.2149122804403305 
4,0.18918919563293457 0.31081080436706543 0.19594594836235046 0.19594594836235046 0.10810811072587967 
4,0.22204472124576569 0.23322683572769165 0.1613418459892273 0.24440893530845642 0.13897763192653656 
4,0.17694370448589325 0.20375335216522217 0.16890080273151398 0.2520107328891754 0.19839142262935638 
4,0.25371429324150085 0.1565714329481125 0.18057142198085785 0.29600000381469727 0.11314285546541214 
