1,0.20273973047733307 0.24383562803268433 0.20000000298023224 0.2684931457042694 0.08493150770664215 
1,0.11557789146900177 0.26633164286613464 0.36180904507637024 0.165829136967659 0.09045226126909256 
1,0.19083969295024872 0.2748091518878937 0.21374045312404633 0.15267175436019897 0.1679389327764511 
1,0.117903932929039 0.3231441080570221 0.3144104778766632 0.04803493618965149 0.1965065598487854 
1,0.13274335861206055 0.5044247508049011 0.1504424810409546 0.05309734493494034 0.1592920422554016 
1,0.16414141654968262 0.19949494302272797 0.2651515007019043 0.19191919267177582 0.1792929321527481 
1,0.15283842384815216 0.2969432473182678 0.17467248439788818 0.1659388691186905 0.20960699021816254 
1,0.21643836796283722 0.20000000298023224 0.21917808055877686 0.16712328791618347 0.1972602754831314 
1,0.18143458664417267 0.26160335540771484 0.16877636313438416 0.19409281015396118 0.19409281015396118 
1,0.08695652335882187 0.5 0.239130437374115 0.10869565606117249 0.06521739065647125 
1,0.1184210553765297 0.3684210479259491 0.21052631735801697 0.125 0.17763158679008484 
1,0.1645885407924652 0.24189527332782745 0.20199501514434814 0.24438904225826263 0.14713217318058014 
1,0.14358974993228912 0.2974359095096588 0.24615386128425598 0.20000000298023224 0.11282051354646683 
1,0.16759775578975677 0.340782105922699 0.10614524781703949 0.20111730694770813 0.18435753881931305 
1,0.16546763479709625 0.27697843313217163 0.24460431933403015 0.21942447125911713 0.09352517873048782 
1,0.17834395170211792 0.337579607963562 0.12738853693008423 0.14012739062309265 0.2165605127811432 
1,0.10424710065126419 0.20077219605445862 0.3281853199005127 0.09266409277915955 0.27413126826286316 
1,0.1432291716337204 0.2265625 0.2369791716337204 0.2317708432674408 0.1614583432674408 
1,0.1853281855583191 0.23552122712135315 0.13127413392066956 0.1853281855583191 0.2625482678413391 
1,0.14695340394973755 0.31182795763015747 0.2293906807899475 0.2150537669658661 0.09677419066429138 
1,0.11450381577014923 0.4351145029067993 0.221374049782753 0.06106870248913765 0.1679389327764511 
1,0.2030075192451477 0.4135338366031647 0.09774436056613922 0.1428571492433548 0.1428571492433548 
1,0.20000000298023224 0.4146341383457184 0.1317073106765747 0.11219511926174164 0.14146341383457184 
1,0.20394736528396606 0.10526315867900848 0.23026315867900848 0.21710526943206787 0.2434210479259491 
1,0.17114093899726868 0.3087248206138611 0.1812080591917038 0.16778524219989777 0.17114093899726868 
2,0.13779526948928833 0.3779527544975281 0.24409449100494385 0.16929133236408234 0.07086613774299622 
2,0.25229960680007935 0.13009198009967804 0.19973717629909515 0.2299605756998062 0.18791064620018005 
2,0.22682927548885345 0.17073170840740204 0.21707317233085632 0.24146340787410736 0.14390243589878082 
2,0.1666666567325592 0.16137565672397614 0.32804232835769653 0.1666666567325592 0.17724867165088654 
2,0.1772727221250534 0.33636361360549927 0.20454545319080353 0.15454545617103577 0.12727272510528564 
2,0.09047619253396988 0.36666667461395264 0.23333334922790527 0.12857143580913544 0.18095238506793976 
2,0.22361809015274048 0.1557788997888565 0.23115578293800354 0.1783919632434845 0.21105527877807617 
2,0.23125000298023224 0.06562500447034836 0.2718749940395355 0.23125000298023224 0.20000000298023224 
2,0.2782258093357086 0.16935482621192932 0.19758063554763794 0.22580644488334656 0.12903225421905518 
2,0.1510416716337204 0.3541666865348816 0.2083333432674408 0.1614583432674408 0.125 
2,0.16498316824436188 0.2457912415266037 0.2525252401828766 0.19528618454933167 0.14141413569450378 
2,0.17763158679008484 0.44078949093818665 0.14473684132099152 0.1381578892469406 0.09868421405553818 
2,0.07418397814035416 0.07418397814035416 0.34866470098495483 0.0385756678879261 0.46439167857170105 
2,0.1869918704032898 0.27642273902893066 0.2520325183868408 0.1869918704032898 0.09756097197532654 
2,0.18918918073177338 0.33590734004974365 0.1621621549129486 0.16988416016101837 0.1428571343421936 
2,0.125 0.19565217196941376 0.22282609343528748 0.28804346919059753 0.16847826540470123 
2,0.27131783962249756 0.1550387591123581 0.24806201457977295 0.13953489065170288 0.1860465109348297 
2,0.18796992301940918 0.19298245012760162 0.2130325734615326 0.3358395993709564 0.07017543911933899 
2,0.22739726305007935 0.09589041024446487 0.2876712381839752 0.12054795026779175 0.2684931457042694 
2,0.14999999105930328 0.19545453786849976 0.3590908944606781 0.20909090340137482 0.08636363595724106 
2,0.17632241547107697 0.251889169216156 0.183879092335701 0.17632241547107697 0.21158689260482788 
2,0.28484848141670227 0.19393938779830933 0.18484847247600555 0.17272727191448212 0.16363635659217834 
2,0.17985612154006958 0.12230215966701508 0.3093525171279907 0.20143885910511017 0.18705035746097565 
2,0.19298246502876282 0.2573099434375763 0.1598440557718277 0.21247562766075134 0.17738792300224304 
2,0.23076923191547394 0.17482517659664154 0.21678321063518524 0.20279720425605774 0.17482517659664154 
2,0.10576923191547394 0.26442307233810425 0.24519231915473938 0.24038462340831757 0.14423076808452606 
2,0.1745152324438095 0.188365638256073 0.22714680433273315 0.19667589664459229 0.21329639852046967 
2,0.17302799224853516 0.28244274854660034 0.19592875242233276 0.22900763154029846 0.11959287524223328 
2,0.21288515627384186 0.19327731430530548 0.16246499121189117 0.21848739683628082 0.21288515627384186 
2,0.13846154510974884 0.16923077404499054 0.32307693362236023 0.20000000298023224 0.16923077404499054 
2,0.20000000298023224 0.4000000059604645 0.08888889104127884 0.17777778208255768 0.13333334028720856 
2,0.13966479897499084 0.1731843501329422 0.25698322057724 0.16759775578975677 0.2625698149204254 
2,0.15568862855434418 0.4131736755371094 0.17365270853042603 0.13173653185367584 0.12574851512908936 
2,0.2137681245803833 0.20652174949645996 0.1666666716337204 0.2753623127937317 0.13768115639686584 
2,0.19917014241218567 0.2780083119869232 0.18672199547290802 0.1369294673204422 0.19917014241218567 
2,0.18912529945373535 0.23877067863941193 0.21749408543109894 0.19621749222278595 0.15839242935180664 
2,0.22250638902187347 0.18414321541786194 0.1457800567150116 0.28900256752967834 0.15856777131557465 
2,0.2209944874048233 0.2790055274963379 0.16298343241214752 0.20994475483894348 0.1270718276500702 
2,0.21698114275932312 0.3349056541919708 0.08490566164255142 0.20283019542694092 0.1603773534297943 
2,0.2225130945444107 0.26439791917800903 0.14659686386585236 0.2565445005893707 0.10994764417409897 
2,0.18421052396297455 0.21929824352264404 0.12280701845884323 0.19298246502876282 0.28070175647735596 
2,0.25 0.16911764442920685 0.19117647409439087 0.22058823704719543 0.16911764442920685 
2,0.22375690937042236 0.2983425557613373 0.1270718276500702 0.16574586927890778 0.18508288264274597 
2,0.17142857611179352 0.24761906266212463 0.19761905074119568 0.12380953133106232 0.25952380895614624 
2,0.21759259700775146 0.1527777761220932 0.21296297013759613 0.18287037312984467 0.23379629850387573 
2,0.13981762528419495 0.1702127754688263 0.31003040075302124 0.18541033565998077 0.19452887773513794 
2,0.23475608229637146 0.1249999925494194 0.23170730471611023 0.18292681872844696 0.22560974955558777 
2,0.19062499701976776 0.27812501788139343 0.18125000596046448 0.14374999701976776 0.20624999701976776 
2,0.13654617965221405 0.281124472618103 0.27710843086242676 0.14457830786705017 0.1606425642967224 
2,0.19161677360534668 0.15269461274147034 0.21257485449314117 0.2215569019317627 0.2215569019317627 
2,0.24267782270908356 0.2594142258167267 0.1485355645418167 0.22175732254981995 0.1276150643825531 
2,0.22686567902565002 0.29253730177879333 0.17611940205097198 0.17313432693481445 0.1313432902097702 
2,0.13267813622951508 0.2825552821159363 0.26535627245903015 0.20393119752407074 0.11547911167144775 
2,0.2526041865348816 0.125 0.2552083432674408 0.1536458432674408 0.2135416716337204 
2,0.23884513974189758 0.20734907686710358 0.1627296507358551 0.19947506487369537 0.19160105288028717 
2,0.19653178751468658 0.19653178751468658 0.12716762721538544 0.20809248089790344 0.27167630195617676 
2,0.1098039299249649 0.2980392277240753 0.18039216101169586 0.10588236153125763 0.30588236451148987 
2,0.14432989060878754 0.3195876181125641 0.19587628543376923 0.2319587618112564 0.10824742168188095 
2,0.29010239243507385 0.06825938075780869 0.20136518776416779 0.22525596618652344 0.21501706540584564 
2,0.26623377203941345 0.1753246784210205 0.12987013161182404 0.29870128631591797 0.12987013161182404 
2,0.09146340936422348 0.3231707215309143 0.4024389982223511 0.10975609719753265 0.0731707289814949 
2,0.2217090129852295 0.14780600368976593 0.27713626623153687 0.18244802951812744 0.17090068757534027 
2,0.29809725284576416 0.09302325546741486 0.12684988975524902 0.3657505214214325 0.11627906560897827 
2,0.2227722704410553 0.15594059228897095 0.25247523188591003 0.16584157943725586 0.20297029614448547 
2,0.24235808849334717 0.1768558919429779 0.22270742058753967 0.21834062039852142 0.13973799347877502 
2,0.20094937086105347 0.14556962251663208 0.2642405033111572 0.20094937086105347 0.18829114735126495 
2,0.13698630034923553 0.32420089840888977 0.1780821830034256 0.21004565060138702 0.1506849229335785 
2,0.2280701845884323 0.21403509378433228 0.1438596546649933 0.23508772253990173 0.17894737422466278 
2,0.27157002687454224 0.16265912353992462 0.12871287763118744 0.3125883936882019 0.12446959316730499 
2,0.18714556097984314 0.20604915916919708 0.2986767590045929 0.19092628359794617 0.1172022745013237 
2,0.12558139860630035 0.3162790536880493 0.23720930516719818 0.1953488290309906 0.12558139860630035 
2,0.24000000953674316 0.2155555635690689 0.15555556118488312 0.24444444477558136 0.14444445073604584 
2,0.20787745714187622 0.21881838142871857 0.19474835693836212 0.18161925673484802 0.19693654775619507 
2,0.2888888716697693 0.13148148357868195 0.138888880610466 0.2888888716697693 0.1518518477678299 
2,0.235807865858078 0.2838428020477295 0.1877729296684265 0.14410480856895447 0.1484716236591339 
2,0.15028901398181915 0.24566473066806793 0.25144508481025696 0.1994219571352005 0.15317918360233307 
2,0.12328767031431198 0.3767123222351074 0.13698630034923553 0.1780821979045868 0.18493150174617767 
2,0.19417476654052734 0.13106796145439148 0.27184465527534485 0.1990291327238083 0.20388349890708923 
2,0.17757008969783783 0.3644859790802002 0.14953270554542542 0.11214952915906906 0.1962616741657257 
2,0.11666667461395264 0.38333335518836975 0.15833334624767303 0.22500000894069672 0.11666667461395264 
2,0.14406779408454895 0.31779661774635315 0.173728808760643 0.16101695597171783 0.20338982343673706 
2,0.14559386670589447 0.30268198251724243 0.20306512713432312 0.2260536402463913 0.12260536104440689 
2,0.15744680166244507 0.3234042525291443 0.1872340440750122 0.18297871947288513 0.1489361673593521 
2,0.1941489279270172 0.24734041094779968 0.1595744639635086 0.2154255211353302 0.18351063132286072 
2,0.2718749940395355 0.25 0.13125000894069672 0.12812499701976776 0.21875 
2,0.21888412535190582 0.22961373627185822 0.17381973564624786 0.2403433471918106 0.1373390555381775 
2,0.1666666567325592 0.24822694063186646 0.1489361673593521 0.23049645125865936 0.20567375421524048 
2,0.14163090288639069 0.19742488861083984 0.32188841700553894 0.22746780514717102 0.11158798635005951 
2,0.1846153885126114 0.17538461089134216 0.1599999964237213 0.21230769157409668 0.26769229769706726 
2,0.1224999949336052 0.26499998569488525 0.2800000011920929 0.1274999976158142 0.20499999821186066 
2,0.2023121416568756 0.24277456104755402 0.13583815097808838 0.23410403728485107 0.18497109413146973 
2,0.29765886068344116 0.19397993385791779 0.1137123703956604 0.2441471517086029 0.15050166845321655 
2,0.15918366611003876 0.22857141494750977 0.2591836750507355 0.12653060257434845 0.22653059661388397 
2,0.1339869350194931 0.3529411852359772 0.18627451360225677 0.14052288234233856 0.18627451360225677 
2,0.24273860454559326 0.21369296312332153 0.1804979294538498 0.2074688971042633 0.15560166537761688 
2,0.19801980257034302 0.48514851927757263 0.09900990128517151 0.12871286273002625 0.089108906686306 
2,0.2374301552772522 0.16480445861816406 0.22346368432044983 0.22625698149204254 0.14804469048976898 
2,0.2813299298286438 0.23273657262325287 0.12276214361190796 0.20460358262062073 0.15856777131557465 
2,0.14900662004947662 0.20198675990104675 0.3079470098018646 0.1821192055940628 0.1589404046535492 
2,0.09022556245326996 0.43609023094177246 0.21804511547088623 0.15037594735622406 0.10526315867900848 
