3,0.1513761430978775 0.2889908254146576 0.14220182597637177 0.22477063536643982 0.19266054034233093 
3,0.21487602591514587 0.17148759961128235 0.18801651895046234 0.2458677589893341 0.17975205183029175 
3,0.13312692940235138 0.23219813406467438 0.27244579792022705 0.15170277655124664 0.21052631735801697 
3,0.09289617091417313 0.35519126057624817 0.16393442451953888 0.1912568211555481 0.19672130048274994 
3,0.144404336810112 0.20216606557369232 0.22021660208702087 0.19855596125125885 0.23465703427791595 
3,0.21008405089378357 0.38655462861061096 0.1764705926179886 0.1596638709306717 0.06722689419984818 
3,0.17669174075126648 0.26691728830337524 0.18045112490653992 0.18421052396297455 0.1917293220758438 
3,0.11940298229455948 0.3731343150138855 0.13059701025485992 0.18283581733703613 0.19402985274791718 
3,0.15976332128047943 0.3076923191547394 0.23668639361858368 0.1420118361711502 0.1538461595773697 
3,0.19181033968925476 0.2306034415960312 0.21336206793785095 0.18318966031074524 0.18103447556495667 
3,0.1731448769569397 0.3851590156555176 0.1837455779314041 0.11307420581579208 0.14487633109092712 
3,0.15934066474437714 0.3131868243217468 0.35164836049079895 0.12087912112474442 0.05494505539536476 
3,0.20370370149612427 0.3333333432674408 0.18981482088565826 0.11574073880910873 0.15740740299224854 
3,0.2142857164144516 0.4545454680919647 0.10389610379934311 0.19480518996715546 0.03246753290295601 
3,0.24347825348377228 0.260869562625885 0.156521737575531 0.24782606959342957 0.09130434691905975 
3,0.23353293538093567 0.2784431278705597 0.12574851512908936 0.25449103116989136 0.10778443515300751 
3,0.2735426127910614 0.23766817152500153 0.16143497824668884 0.16591928899288177 0.16143497824668884 
3,0.19696970283985138 0.25757575035095215 0.17803031206130981 0.24621212482452393 0.12121212482452393 
3,0.23419202864170074 0.24355970323085785 0.17798593640327454 0.17564402520656586 0.16861826181411743 
3,0.19420289993286133 0.21159420907497406 0.2753623425960541 0.18550725281238556 0.13333334028720856 
3,0.28387096524238586 0.14516128599643707 0.14677418768405914 0.31612902879714966 0.10806451737880707 
3,0.2380952388048172 0.21848739683628082 0.16246499121189117 0.2240896373987198 0.1568627506494522 
3,0.2260638177394867 0.25265955924987793 0.1808510571718216 0.1489361673593521 0.1914893537759781 
3,0.28413283824920654 0.2066420614719391 0.14022140204906464 0.2656826674938202 0.10332103073596954 
3,0.19186046719551086 0.3372093141078949 0.14534883201122284 0.1860465109348297 0.13953489065170288 
3,0.17486338317394257 0.3825136423110962 0.13661201298236847 0.1912568211555481 0.1147540956735611 
3,0.23875433206558228 0.2006920427083969 0.20415225625038147 0.2456747442483902 0.11072664707899094 
3,0.16105769574642181 0.25 0.17788462340831757 0.19471155107021332 0.2163461595773697 
3,0.235401451587677 0.15693430602550507 0.20437955856323242 0.2700729966163635 0.1332116723060608 
3,0.17777778208255768 0.23333333432674408 0.1944444477558136 0.22777777910232544 0.1666666716337204 
3,0.39162930846214294 0.10762331634759903 0.15396113693714142 0.21524663269519806 0.13153961300849915 
3,0.17283950746059418 0.3827160596847534 0.16049382090568542 0.17283950746059418 0.1111111119389534 
3,0.25997045636177063 0.11816838383674622 0.1447562724351883 0.3220088481903076 0.15509600937366486 
3,0.13333332538604736 0.260606050491333 0.23636363446712494 0.09696969389915466 0.27272725105285645 
3,0.17688679695129395 0.2216981202363968 0.2075471729040146 0.13679245114326477 0.2570754885673523 
3,0.28285714983940125 0.17999999225139618 0.17999999225139618 0.18285714089870453 0.17428570985794067 
3,0.25 0.25 0.16153846681118011 0.23461538553237915 0.10384615510702133 
3,0.19205297529697418 0.33112582564353943 0.15231788158416748 0.21192052960395813 0.11258278042078018 
3,0.239130437374115 0.18478260934352875 0.17934782803058624 0.1467391401529312 0.25 
3,0.25229355692863464 0.26605504751205444 0.1444954127073288 0.2362385243177414 0.10091742873191833 
3,0.24766354262828827 0.28738316893577576 0.11682242900133133 0.14953270554542542 0.19859813153743744 
3,0.13861386477947235 0.39603960514068604 0.09900990128517151 0.1683168262243271 0.19801980257034302 
3,0.22006472945213318 0.23948220908641815 0.18446601927280426 0.19417476654052734 0.16181230545043945 
3,0.04477611929178238 0.6119402647018433 0.10447760671377182 0.13432835042476654 0.10447760671377182 
3,0.25581395626068115 0.1860465109348297 0.1744185984134674 0.17151162028312683 0.2122092992067337 
3,0.09859155118465424 0.4084506928920746 0.2816901206970215 0.13380281627178192 0.07746478915214539 
3,0.03208556026220322 0.5561497211456299 0.16042780876159668 0.08556149899959564 0.16577540338039398 
3,0.18518519401550293 0.37654322385787964 0.16049382090568542 0.1666666716337204 0.1111111119389534 
3,0.16170212626457214 0.27234041690826416 0.25531914830207825 0.17872339487075806 0.131914883852005 
3,0.20333333313465118 0.27000001072883606 0.12333333492279053 0.24666666984558105 0.15666666626930237 
3,0.236472949385643 0.13026052713394165 0.20440882444381714 0.22645290195941925 0.20240481197834015 
3,0.29781419038772583 0.24590162932872772 0.11202185600996017 0.22131146490573883 0.12295081466436386 
3,0.13924050331115723 0.4683544337749481 0.1139240562915802 0.13924050331115723 0.13924050331115723 
3,0.15000000596046448 0.5428571701049805 0.15000000596046448 0.08571428805589676 0.0714285746216774 
3,0.23389829695224762 0.22711864113807678 0.16610169410705566 0.2101694941520691 0.16271185874938965 
3,0.19339622557163239 0.3537735939025879 0.17924529314041138 0.13679245114326477 0.13679245114326477 
3,0.09933774918317795 0.31456953287124634 0.20198675990104675 0.09602648764848709 0.28807947039604187 
3,0.2689655125141144 0.2137930989265442 0.18965516984462738 0.237931028008461 0.08965517580509186 
3,0.14077669382095337 0.3300970792770386 0.24271844327449799 0.12135922163724899 0.1650485396385193 
3,0.19545453786849976 0.33636361360549927 0.2181818187236786 0.1409090906381607 0.1090909093618393 
3,0.2551020383834839 0.1071428582072258 0.15561224520206451 0.31122449040412903 0.17091836035251617 
3,0.1683168262243271 0.514851450920105 0.12871286273002625 0.09900990128517151 0.089108906686306 
3,0.13265305757522583 0.4897959232330322 0.18367347121238708 0.13265305757522583 0.06122449040412903 
3,0.1520467847585678 0.28070175647735596 0.1812865436077118 0.1871345043182373 0.19883041083812714 
3,0.3055555820465088 0.222222238779068 0.2063492238521576 0.1269841343164444 0.1388888955116272 
3,0.12121212482452393 0.4545454680919647 0.23232322931289673 0.13131313025951385 0.06060606241226196 
3,0.2762237787246704 0.220279723405838 0.0979020968079567 0.2377622425556183 0.1678321659564972 
3,0.21266968548297882 0.3529411852359772 0.11312218010425568 0.18099547922611237 0.14027149975299835 
3,0.1165803074836731 0.38860103487968445 0.1891191601753235 0.15025906264781952 0.15544040501117706 
3,0.16190476715564728 0.3761904835700989 0.1190476268529892 0.10476190596818924 0.2380952537059784 
3,0.1705426275730133 0.38759690523147583 0.10077519714832306 0.21705426275730133 0.12403100728988647 
3,0.20689654350280762 0.21072795987129211 0.13984674215316772 0.25287356972694397 0.18965516984462738 
3,0.1929260492324829 0.3344051241874695 0.21221864223480225 0.12218649685382843 0.13826365768909454 
3,0.18867923319339752 0.26100626587867737 0.1603773534297943 0.26100626587867737 0.12893080711364746 
3,0.20295202732086182 0.3099631071090698 0.13653136789798737 0.19188192486763 0.15867158770561218 
3,0.20257234573364258 0.31832796335220337 0.09646302461624146 0.1897106021642685 0.1929260492324829 
3,0.227848082780838 0.18565399944782257 0.18987341225147247 0.2911392152309418 0.1054852306842804 
3,0.22972974181175232 0.2567567527294159 0.22297297418117523 0.14189189672470093 0.14864864945411682 
3,0.27294686436653137 0.09299516677856445 0.1666666716337204 0.3333333432674408 0.13405796885490417 
3,0.21359223127365112 0.21844659745693207 0.1723300963640213 0.23543690145015717 0.16019417345523834 
3,0.23674911260604858 0.208480566740036 0.14664311707019806 0.22084805369377136 0.18727914988994598 
3,0.17941953241825104 0.139841690659523 0.24538259208202362 0.17941953241825104 0.2559366822242737 
3,0.25569620728492737 0.2101265788078308 0.11645569652318954 0.2455696165561676 0.17215189337730408 
3,0.301075279712677 0.3655914068222046 0.11469534039497375 0.10752688348293304 0.1111111119389534 
3,0.16853933036327362 0.3342696726322174 0.1910112351179123 0.22752809524536133 0.07865168899297714 
3,0.3176470696926117 0.15294118225574493 0.16764706373214722 0.24705882370471954 0.1147058829665184 
3,0.1768488734960556 0.4276527166366577 0.1607716977596283 0.13826365768909454 0.09646302461624146 
3,0.2641509473323822 0.2075471729040146 0.16981132328510284 0.16981132328510284 0.18867924809455872 
3,0.17061612010002136 0.379146933555603 0.1895734667778015 0.08530806005001068 0.175355464220047 
3,0.20967741310596466 0.3110599219799042 0.14055299758911133 0.1589861810207367 0.17972350120544434 
3,0.18292681872844696 0.2926829159259796 0.23780487477779388 0.15853658318519592 0.12804877758026123 
3,0.18867923319339752 0.36477985978126526 0.08805031329393387 0.10691823810338974 0.25157231092453003 
3,0.12280701845884323 0.2982456088066101 0.2631579041481018 0.12280701845884323 0.19298246502876282 
3,0.11965812742710114 0.4529914855957031 0.1666666716337204 0.14529915153980255 0.11538462340831757 
3,0.184523805975914 0.3452380895614624 0.1666666716337204 0.1130952388048172 0.190476194024086 
3,0.12452830374240875 0.32830190658569336 0.2037735879421234 0.19622641801834106 0.1471698135137558 
3,0.15131579339504242 0.5 0.1381578892469406 0.125 0.08552631735801697 
3,0.25974026322364807 0.29870128631591797 0.08658008277416229 0.2294372320175171 0.12554112076759338 
3,0.2785087823867798 0.21929824352264404 0.19078947603702545 0.18421052396297455 0.12719298899173737 
3,0.23155736923217773 0.2192622870206833 0.19672130048274994 0.25819671154022217 0.09426228702068329 
3,0.0803212821483612 0.32931727170944214 0.28915661573410034 0.08835341036319733 0.2128514051437378 
3,0.18666666746139526 0.2900000214576721 0.2133333384990692 0.17000000178813934 0.14000000059604645 
3,0.2616580128669739 0.24352331459522247 0.17616580426692963 0.20725387334823608 0.11139895766973495 
3,0.11999999731779099 0.5199999809265137 0.1371428519487381 0.11428571492433548 0.10857142508029938 
3,0.23600001633167267 0.23600001633167267 0.20000000298023224 0.1680000126361847 0.1600000113248825 
3,0.13731344044208527 0.2626865804195404 0.19104477763175964 0.11641791462898254 0.29253730177879333 
3,0.20886076986789703 0.46202531456947327 0.08860759437084198 0.09493671357631683 0.14556962251663208 
3,0.18918919563293457 0.30180180072784424 0.2477477490901947 0.13963964581489563 0.12162162363529205 
3,0.1535087674856186 0.34210526943206787 0.1666666716337204 0.15789473056793213 0.179824560880661 
3,0.042944785207509995 0.6748465895652771 0.09815950691699982 0.06748466193675995 0.11656441539525986 
3,0.20612813532352448 0.21169915795326233 0.2200556993484497 0.16155987977981567 0.20055709779262543 
3,0.32810458540916443 0.10065359622240067 0.13071896135807037 0.29411765933036804 0.14640523493289948 
3,0.18644067645072937 0.20903955399990082 0.2429378479719162 0.21468926966190338 0.14689265191555023 
3,0.2724795639514923 0.14986376464366913 0.20708446204662323 0.1716621220111847 0.19891007244586945 
3,0.2053140103816986 0.3309178650379181 0.12318840622901917 0.19323670864105225 0.1473429948091507 
3,0.15290521085262299 0.30581042170524597 0.22935780882835388 0.20183487236499786 0.11009174585342407 
3,0.1111111119389534 0.45185184478759766 0.22962962090969086 0.13333332538604736 0.07407407462596893 
3,0.20588235557079315 0.24705882370471954 0.1882352977991104 0.14705882966518402 0.21176470816135406 
3,0.14070351421833038 0.36180904507637024 0.18090452253818512 0.1557788997888565 0.16080401837825775 
3,0.2380952388048172 0.2222222238779068 0.17006802558898926 0.23582766950130463 0.1337868571281433 
3,0.2685714364051819 0.22857142984867096 0.15714286267757416 0.22857142984867096 0.11714285612106323 
3,0.19924812018871307 0.32706767320632935 0.13909775018692017 0.15037594735622406 0.18421052396297455 
3,0.19354838132858276 0.4838709533214569 0.16129031777381897 0.11290322244167328 0.04838709533214569 
3,0.17000000178813934 0.3100000023841858 0.1966666728258133 0.17000000178813934 0.15333333611488342 
3,0.17819148302078247 0.31117019057273865 0.1595744639635086 0.17287233471870422 0.17819148302078247 
