0,0.256038635969162 0.23429951071739197 0.09420289844274521 0.23429951071739197 0.18115942180156708 
0,0.1680440753698349 0.1625344306230545 0.24517907202243805 0.20385675132274628 0.22038567066192627 
0,0.2461538463830948 0.2538461685180664 0.13846154510974884 0.21153846383094788 0.15000000596046448 
0,0.1794871836900711 0.3076923191547394 0.13846154510974884 0.15897436439990997 0.2153846174478531 
0,0.2809523940086365 0.14761905372142792 0.15000000596046448 0.22857144474983215 0.19285714626312256 
0,0.25153374671936035 0.19018404185771942 0.11656441539525986 0.34355828166007996 0.09815950691699982 
0,0.16580310463905334 0.32642486691474915 0.13989636301994324 0.18134714663028717 0.18652848899364471 
0,0.2871287167072296 0.19141915440559387 0.10891089588403702 0.24752475321292877 0.16501650214195251 
0,0.23099415004253387 0.3479532301425934 0.16374269127845764 0.17543859779834747 0.08187134563922882 
0,0.27947598695755005 0.27947598695755005 0.10043668001890182 0.24017468094825745 0.10043668001890182 
0,0.27079933881759644 0.1598694920539856 0.1924959272146225 0.21207177639007568 0.1647634655237198 
0,0.19587628543376923 0.18041236698627472 0.18900343775749207 0.13745704293251038 0.2972508668899536 
0,0.0 0.2222222238779068 0.3333333432674408 0.2222222238779068 0.2222222238779068 
0,0.11895910650491714 0.267657995223999 0.15613383054733276 0.17472118139266968 0.2825278639793396 
0,0.13821136951446533 0.5284552574157715 0.08943089097738266 0.1138211339712143 0.13008129596710205 
0,0.33395522832870483 0.14365671575069427 0.1007462665438652 0.28171640634536743 0.13992537558078766 
0,0.2530120313167572 0.15318416059017181 0.12392427027225494 0.3132530152797699 0.15662650763988495 
0,0.13903743028640747 0.4438502788543701 0.11229946464300156 0.11229946464300156 0.1925133764743805 
0,0.2696078419685364 0.15196079015731812 0.18627451360225677 0.14215686917304993 0.25 
0,0.1411042958498001 0.38650307059288025 0.09815950691699982 0.2699386477470398 0.10429447889328003 
0,0.1818181872367859 0.34415584802627563 0.12337662279605865 0.16883116960525513 0.1818181872367859 
0,0.24923548102378845 0.2125382274389267 0.11926605552434921 0.2538226246833801 0.1651376187801361 
0,0.19375000894069672 0.375 0.14374999701976776 0.15000000596046448 0.13750000298023224 
0,0.29041916131973267 0.200598806142807 0.15269461274147034 0.2514970302581787 0.10479041934013367 
0,0.12337662279605865 0.44805195927619934 0.09090909361839294 0.22727273404598236 0.11038961261510849 
0,0.3100775182247162 0.06782945990562439 0.16085271537303925 0.2906976640224457 0.1705426275730133 
0,0.36034730076789856 0.10564398765563965 0.10564398765563965 0.29088276624679565 0.1374819129705429 
0,0.22648084163665771 0.2717770040035248 0.1428571492433548 0.22996516525745392 0.12891985476016998 
0,0.24179619550704956 0.2625215947628021 0.13126079738140106 0.17962002754211426 0.184801384806633 
0,0.2688172161579132 0.2177419364452362 0.13978494703769684 0.1505376398563385 0.22311827540397644 
0,0.2841726541519165 0.27697843313217163 0.08273381739854813 0.28057554364204407 0.07553956657648087 
0,0.337579607963562 0.07643312215805054 0.10573248565196991 0.3668789863586426 0.11337579786777496 
0,0.1527777761220932 0.4861111044883728 0.0555555559694767 0.1597222238779068 0.1458333283662796 
0,0.2720930278301239 0.1860465109348297 0.15581394731998444 0.3046511709690094 0.08139535039663315 
0,0.24728260934352875 0.1467391401529312 0.15217392146587372 0.21195653080940247 0.24184782803058624 
0,0.24378108978271484 0.16169153153896332 0.11442785710096359 0.25621891021728516 0.2238805890083313 
0,0.2195121943950653 0.2520325183868408 0.13821136951446533 0.27642273902893066 0.1138211339712143 
0,0.2800000011920929 0.1756521761417389 0.13739131391048431 0.24173913896083832 0.16521739959716797 
0,0.30376940965652466 0.11308203637599945 0.11751662939786911 0.3414634168148041 0.1241685152053833 
0,0.28373703360557556 0.2006920427083969 0.06574394553899765 0.22491350769996643 0.22491350769996643 
0,0.24695120751857758 0.22256097197532654 0.08536584675312042 0.2896341383457184 0.1554878056049347 
0,0.1755952388048172 0.2142857164144516 0.2440476268529892 0.1517857164144516 0.2142857164144516 
0,0.292553186416626 0.28723403811454773 0.15425531566143036 0.1595744639635086 0.10638297349214554 
0,0.3053763508796692 0.1806451678276062 0.21290323138237 0.17419354617595673 0.12688171863555908 
0,0.2792452871799469 0.18867924809455872 0.15094339847564697 0.2641509473323822 0.1169811338186264 
0,0.2505446672439575 0.21786491572856903 0.1263616532087326 0.23093681037425995 0.1742919385433197 
0,0.22068965435028076 0.2689655125141144 0.17931035161018372 0.16551724076271057 0.16551724076271057 
0,0.20070421695709229 0.3309859037399292 0.1654929518699646 0.19366197288036346 0.10915492475032806 
0,0.23577234148979187 0.26422762870788574 0.09756097197532654 0.20325201749801636 0.19918698072433472 
0,0.180645152926445 0.20000000298023224 0.19354838132858276 0.20000000298023224 0.22580644488334656 
0,0.18149465322494507 0.22419928014278412 0.2313167303800583 0.23843416571617126 0.12455515563488007 
0,0.28037381172180176 0.1526479721069336 0.14485980570316315 0.2897196114063263 0.13239875435829163 
0,0.19346049427986145 0.2724795639514923 0.14168937504291534 0.10081743448972702 0.2915531396865845 
0,0.2370517998933792 0.21713148057460785 0.14741036295890808 0.28286853432655334 0.1155378520488739 
0,0.3541666865348816 0.0877976194024086 0.1443452388048172 0.2648809552192688 0.1488095223903656 
0,0.2821229100227356 0.20111730694770813 0.1508379876613617 0.2150837928056717 0.1508379876613617 
0,0.10322580486536026 0.21935483813285828 0.3032258152961731 0.16129031777381897 0.2129032164812088 
0,0.28136199712753296 0.1577060967683792 0.13799282908439636 0.25806450843811035 0.16487455368041992 
0,0.20000000298023224 0.23589743673801422 0.18974359333515167 0.18974359333515167 0.1846153885126114 
0,0.3333333432674408 0.26620370149612427 0.07175926119089127 0.25462964177131653 0.07407407462596893 
0,0.27402135729789734 0.16725978255271912 0.14946618676185608 0.26690390706062317 0.1423487514257431 
0,0.26923078298568726 0.2777777910232544 0.14529915153980255 0.18803419172763824 0.11965812742710114 
0,0.34491315484046936 0.2679900825023651 0.11910669505596161 0.14143919944763184 0.12655086815357208 
0,0.28598132729530334 0.11028037965297699 0.16074766218662262 0.25046730041503906 0.19252337515354156 
0,0.22309711575508118 0.18372702598571777 0.15748031437397003 0.22834645211696625 0.20734907686710358 
0,0.2836095690727234 0.14917127788066864 0.1620626151561737 0.24125230312347412 0.16390423476696014 
0,0.2982456088066101 0.20701754093170166 0.1438596546649933 0.2982456088066101 0.05263157933950424 
0,0.35902637243270874 0.1967545598745346 0.08924949169158936 0.2048681527376175 0.1501014232635498 
0,0.20809248089790344 0.39306357502937317 0.054913293570280075 0.19364161789417267 0.15028901398181915 
0,0.09793814271688461 0.36082473397254944 0.21134020388126373 0.10824742168188095 0.22164948284626007 
0,0.1149425283074379 0.25287356972694397 0.26436781883239746 0.2298850566148758 0.13793103396892548 
0,0.38103756308555603 0.10554561764001846 0.1502683311700821 0.20214669406414032 0.1610017865896225 
0,0.22850123047828674 0.19656018912792206 0.15479114651679993 0.22850123047828674 0.19164618849754333 
0,0.20994475483894348 0.2928176820278168 0.07734806835651398 0.3149171471595764 0.10497237741947174 
0,0.35971224308013916 0.10551559180021286 0.1558753103017807 0.23980815708637238 0.1390887349843979 
0,0.3103448450565338 0.11448276042938232 0.1600000113248825 0.26758620142936707 0.14758621156215668 
0,0.3201438784599304 0.07194244861602783 0.13489209115505219 0.3507194221019745 0.12230215966701508 
0,0.15121951699256897 0.2780487835407257 0.18048781156539917 0.26829269528388977 0.12195122241973877 
0,0.17391304671764374 0.3695652186870575 0.11594203114509583 0.2246376872062683 0.11594203114509583 
0,0.18852457404136658 0.18852457404136658 0.2049180269241333 0.1803278625011444 0.23770490288734436 
0,0.22772277891635895 0.27062708139419556 0.09900990128517151 0.27062708139419556 0.132013201713562 
0,0.17635658383369446 0.26744186878204346 0.19767442345619202 0.20348836481571198 0.1550387591123581 
0,0.1818181723356247 0.3333333134651184 0.1818181723356247 0.12121211737394333 0.1818181723356247 
0,0.2247191071510315 0.15730337798595428 0.25468164682388306 0.22097378969192505 0.1423220932483673 
0,0.22188450396060944 0.13981762528419495 0.20060791075229645 0.22188450396060944 0.21580547094345093 
0,0.29723501205444336 0.19354838132858276 0.16820275783538818 0.17281106114387512 0.16820275783538818 
0,0.0634920671582222 0.5873016119003296 0.0793650820851326 0.1349206417798996 0.1349206417798996 
0,0.28994083404541016 0.18540434539318085 0.13017751276493073 0.18934911489486694 0.20512820780277252 
0,0.29549551010131836 0.17297297716140747 0.12252252548933029 0.26306307315826416 0.1459459513425827 
0,0.39057236909866333 0.14141413569450378 0.10774410516023636 0.22390571236610413 0.13636364042758942 
0,0.12820513546466827 0.3076923191547394 0.23076923191547394 0.25641027092933655 0.07692307978868484 
0,0.2568448483943939 0.10821381956338882 0.17470665276050568 0.21382007002830505 0.24641460180282593 
0,0.17472118139266968 0.3011152446269989 0.12639404833316803 0.1598512977361679 0.2379182130098343 
0,0.36666667461395264 0.21666666865348816 0.11666667461395264 0.22857144474983215 0.0714285746216774 
0,0.25265955924987793 0.1595744639635086 0.0904255285859108 0.1808510571718216 0.3164893388748169 
0,0.18435753881931305 0.31843575835227966 0.08379887789487839 0.2178770899772644 0.1955307275056839 
0,0.22884011268615723 0.2445141077041626 0.18808777630329132 0.2257053256034851 0.11285266280174255 
0,0.1764705926179886 0.4705882668495178 0.11764706671237946 0.11764706671237946 0.11764706671237946 
0,0.16938109695911407 0.23452767729759216 0.21498370170593262 0.14006514847278595 0.2410423308610916 
0,0.203125 0.1979166716337204 0.1927083432674408 0.1666666716337204 0.2395833432674408 
0,0.22121211886405945 0.20606060326099396 0.17575757205486298 0.25757575035095215 0.13939394056797028 
0,0.16265060007572174 0.3915662467479706 0.14457830786705017 0.16265060007572174 0.13855421543121338 
0,0.3071017265319824 0.16890594363212585 0.13051822781562805 0.27639153599739075 0.11708252876996994 
0,0.12962962687015533 0.43209877610206604 0.11728395521640778 0.11728395521640778 0.20370370149612427 
0,0.21345029771327972 0.2573099434375763 0.1666666716337204 0.16374269127845764 0.19883041083812714 
0,0.3232044279575348 0.24861879646778107 0.14917127788066864 0.16574586927890778 0.11325967311859131 
0,0.1986531913280487 0.28956228494644165 0.1818181723356247 0.21212120354175568 0.11784511804580688 
0,0.2121807485818863 0.14931237697601318 0.23182712495326996 0.174852654337883 0.23182712495326996 
0,0.10762332379817963 0.6233184337615967 0.05381166189908981 0.11210762709379196 0.10313902050256729 
0,0.023255813866853714 0.5348837375640869 0.25581395626068115 0.04651162773370743 0.13953489065170288 
0,0.24679487943649292 0.32692307233810425 0.09615384787321091 0.1538461595773697 0.17628204822540283 
0,0.4126984477043152 0.196428582072258 0.0833333358168602 0.136904776096344 0.170634925365448 
0,0.1786743402481079 0.1296829879283905 0.19884724915027618 0.18155619502067566 0.31123918294906616 
0,0.05263157933950424 0.42105263471603394 0.3684210479259491 0.0 0.15789473056793213 
0,0.26756757497787476 0.24864865839481354 0.12702703475952148 0.20540541410446167 0.15135136246681213 
0,0.27108433842658997 0.13654617965221405 0.1867469847202301 0.27510038018226624 0.13052208721637726 
0,0.267123281955719 0.25342464447021484 0.13698630034923553 0.2054794430732727 0.13698630034923553 
0,0.08163265138864517 0.6530612111091614 0.040816325694322586 0.10204081237316132 0.12244898080825806 
0,0.2232142984867096 0.2544642984867096 0.1428571492433548 0.2232142984867096 0.15625 
0,0.2598870098590851 0.1384180784225464 0.12711864709854126 0.24858757853507996 0.2259887009859085 
0,0.12820513546466827 0.5982906222343445 0.1367521435022354 0.10256411135196686 0.03418803587555885 
0,0.3548387289047241 0.17487266659736633 0.061120543628931046 0.28183361887931824 0.12733446061611176 
0,0.10000000894069672 0.5333333611488342 0.10000000894069672 0.0833333358168602 0.18333333730697632 
0,0.28925618529319763 0.22314049303531647 0.0925619825720787 0.2743801772594452 0.12066115438938141 
0,0.23000000417232513 0.3333333432674408 0.10333333909511566 0.23000000417232513 0.10333333909511566 
